Edge - Vertices 	 	Weight
3647 - 1	 	 	46
1292 - 2	 	 	2
1768 - 3	 	 	6
3891 - 4	 	 	57
2945 - 5	 	 	18
3392 - 6	 	 	40
3668 - 7	 	 	22
2986 - 8	 	 	4
1521 - 9	 	 	11
2165 - 10	 	 	14
2958 - 11	 	 	15
3630 - 12	 	 	1
4711 - 13	 	 	1
4994 - 14	 	 	11
2378 - 15	 	 	30
4499 - 16	 	 	24
2938 - 17	 	 	3
1044 - 18	 	 	9
4119 - 19	 	 	19
4837 - 20	 	 	30
608 - 21	 	 	10
2026 - 22	 	 	21
1982 - 23	 	 	23
2393 - 24	 	 	19
2951 - 25	 	 	18
4967 - 26	 	 	24
2997 - 27	 	 	29
2110 - 28	 	 	32
4371 - 29	 	 	18
2369 - 30	 	 	15
425 - 31	 	 	24
3768 - 32	 	 	14
223 - 33	 	 	38
2343 - 34	 	 	26
2954 - 35	 	 	47
954 - 36	 	 	21
3751 - 37	 	 	21
4758 - 38	 	 	21
310 - 39	 	 	31
3605 - 40	 	 	7
2156 - 41	 	 	7
2348 - 42	 	 	16
918 - 43	 	 	1
1664 - 44	 	 	4
3561 - 45	 	 	9
2516 - 46	 	 	16
1297 - 47	 	 	13
4214 - 48	 	 	31
1597 - 49	 	 	16
525 - 50	 	 	10
2538 - 51	 	 	2
3828 - 52	 	 	52
304 - 53	 	 	18
3487 - 54	 	 	30
3987 - 55	 	 	3
2836 - 56	 	 	26
3760 - 57	 	 	18
4967 - 58	 	 	21
263 - 59	 	 	24
3026 - 60	 	 	1
2800 - 61	 	 	50
4121 - 62	 	 	9
3786 - 63	 	 	9
2955 - 64	 	 	9
3430 - 65	 	 	14
832 - 66	 	 	14
3543 - 67	 	 	12
2907 - 68	 	 	24
1505 - 69	 	 	13
2363 - 70	 	 	16
3343 - 71	 	 	17
2491 - 72	 	 	8
29 - 73	 	 	1
3431 - 74	 	 	12
4959 - 75	 	 	18
1165 - 76	 	 	48
78 - 77	 	 	15
1268 - 78	 	 	14
2970 - 79	 	 	1
1165 - 80	 	 	5
4666 - 81	 	 	33
2422 - 82	 	 	1
1902 - 83	 	 	13
4812 - 84	 	 	9
4425 - 85	 	 	23
3339 - 86	 	 	16
4704 - 87	 	 	5
968 - 88	 	 	17
2452 - 89	 	 	8
394 - 90	 	 	4
3017 - 91	 	 	16
4144 - 92	 	 	5
497 - 93	 	 	39
1641 - 94	 	 	60
3785 - 95	 	 	4
2647 - 96	 	 	8
4112 - 97	 	 	27
3198 - 98	 	 	29
792 - 99	 	 	5
2491 - 100	 	 	10
4645 - 101	 	 	19
619 - 102	 	 	10
2173 - 103	 	 	18
1790 - 104	 	 	27
1331 - 105	 	 	16
2588 - 106	 	 	7
1397 - 107	 	 	20
753 - 108	 	 	22
3405 - 109	 	 	1
1051 - 110	 	 	35
3347 - 111	 	 	2
893 - 112	 	 	2
3188 - 113	 	 	28
1254 - 114	 	 	2
1094 - 115	 	 	17
3844 - 116	 	 	29
2708 - 117	 	 	2
2466 - 118	 	 	36
413 - 119	 	 	28
2760 - 120	 	 	31
3818 - 121	 	 	9
3578 - 122	 	 	12
1371 - 123	 	 	16
4619 - 124	 	 	16
3839 - 125	 	 	4
2326 - 126	 	 	5
903 - 127	 	 	8
957 - 128	 	 	10
3897 - 129	 	 	27
3520 - 130	 	 	21
2613 - 131	 	 	10
1126 - 132	 	 	21
3397 - 133	 	 	47
2216 - 134	 	 	39
3859 - 135	 	 	17
105 - 136	 	 	17
1416 - 137	 	 	3
54 - 138	 	 	21
362 - 139	 	 	22
4029 - 140	 	 	12
556 - 141	 	 	25
2312 - 142	 	 	8
3224 - 143	 	 	17
2729 - 144	 	 	11
4376 - 145	 	 	11
4536 - 146	 	 	32
1184 - 147	 	 	21
703 - 148	 	 	3
376 - 149	 	 	16
2555 - 150	 	 	21
2751 - 151	 	 	27
350 - 152	 	 	1
1811 - 153	 	 	15
2201 - 154	 	 	19
2727 - 155	 	 	17
1101 - 156	 	 	5
3578 - 157	 	 	31
2782 - 158	 	 	20
1618 - 159	 	 	8
4454 - 160	 	 	18
1733 - 161	 	 	2
3517 - 162	 	 	21
3704 - 163	 	 	7
3727 - 164	 	 	22
3831 - 165	 	 	20
674 - 166	 	 	12
529 - 167	 	 	11
4047 - 168	 	 	21
496 - 169	 	 	2
1810 - 170	 	 	10
4166 - 171	 	 	18
3480 - 172	 	 	5
3739 - 173	 	 	10
1931 - 174	 	 	15
2229 - 175	 	 	10
241 - 176	 	 	19
3789 - 177	 	 	7
4715 - 178	 	 	2
1872 - 179	 	 	24
1672 - 180	 	 	8
3486 - 181	 	 	14
1420 - 182	 	 	14
1627 - 183	 	 	18
871 - 184	 	 	67
731 - 185	 	 	15
3918 - 186	 	 	2
3329 - 187	 	 	8
2398 - 188	 	 	9
2971 - 189	 	 	16
4612 - 190	 	 	24
4103 - 191	 	 	1
2235 - 192	 	 	21
3212 - 193	 	 	12
265 - 194	 	 	13
653 - 195	 	 	31
1367 - 196	 	 	15
2446 - 197	 	 	23
2959 - 198	 	 	4
4483 - 199	 	 	24
1721 - 200	 	 	1
4989 - 201	 	 	48
4260 - 202	 	 	14
4175 - 203	 	 	23
3663 - 204	 	 	24
4247 - 205	 	 	21
3497 - 206	 	 	15
1237 - 207	 	 	19
4840 - 208	 	 	3
434 - 209	 	 	7
3993 - 210	 	 	2
1435 - 211	 	 	18
2483 - 212	 	 	7
4056 - 213	 	 	1
2895 - 214	 	 	31
1740 - 215	 	 	5
3354 - 216	 	 	10
1952 - 217	 	 	3
276 - 218	 	 	11
3655 - 219	 	 	23
527 - 220	 	 	23
4225 - 221	 	 	11
2618 - 222	 	 	52
4052 - 223	 	 	22
1191 - 224	 	 	3
2959 - 225	 	 	20
2563 - 226	 	 	17
1963 - 227	 	 	14
643 - 228	 	 	10
2133 - 229	 	 	11
2074 - 230	 	 	15
4429 - 231	 	 	5
2397 - 232	 	 	68
1880 - 233	 	 	6
2059 - 234	 	 	26
1037 - 235	 	 	31
4766 - 236	 	 	28
4078 - 237	 	 	22
1151 - 238	 	 	5
2271 - 239	 	 	17
1688 - 240	 	 	15
4520 - 241	 	 	23
2508 - 242	 	 	10
2984 - 243	 	 	4
188 - 244	 	 	11
4707 - 245	 	 	21
3025 - 246	 	 	14
1414 - 247	 	 	9
440 - 248	 	 	8
3995 - 249	 	 	8
1476 - 250	 	 	13
3699 - 251	 	 	6
1023 - 252	 	 	32
1297 - 253	 	 	9
4251 - 254	 	 	19
2619 - 255	 	 	2
1678 - 256	 	 	3
3767 - 257	 	 	39
2857 - 258	 	 	14
4834 - 259	 	 	41
4773 - 260	 	 	4
4144 - 261	 	 	14
2427 - 262	 	 	6
4229 - 263	 	 	5
1621 - 264	 	 	25
4989 - 265	 	 	11
3716 - 266	 	 	14
3701 - 267	 	 	3
2383 - 268	 	 	13
3500 - 269	 	 	4
3222 - 270	 	 	22
4821 - 271	 	 	8
4181 - 272	 	 	5
4837 - 273	 	 	1
128 - 274	 	 	8
618 - 275	 	 	9
2528 - 276	 	 	16
1146 - 277	 	 	19
2979 - 278	 	 	16
10 - 279	 	 	13
3379 - 280	 	 	9
4534 - 281	 	 	8
3457 - 282	 	 	11
3543 - 283	 	 	22
2538 - 284	 	 	19
45 - 285	 	 	5
1084 - 286	 	 	22
624 - 287	 	 	26
3096 - 288	 	 	17
2999 - 289	 	 	3
2836 - 290	 	 	17
1432 - 291	 	 	3
555 - 292	 	 	19
2630 - 293	 	 	14
2431 - 294	 	 	22
4268 - 295	 	 	7
908 - 296	 	 	10
1336 - 297	 	 	12
1032 - 298	 	 	7
4595 - 299	 	 	22
2919 - 300	 	 	35
4949 - 301	 	 	16
2082 - 302	 	 	44
758 - 303	 	 	32
3578 - 304	 	 	8
692 - 305	 	 	15
3890 - 306	 	 	3
2187 - 307	 	 	9
751 - 308	 	 	31
333 - 309	 	 	1
3292 - 310	 	 	41
978 - 311	 	 	31
3254 - 312	 	 	11
1822 - 313	 	 	1
4151 - 314	 	 	3
2300 - 315	 	 	3
4285 - 316	 	 	2
4433 - 317	 	 	14
3714 - 318	 	 	12
3216 - 319	 	 	4
4274 - 320	 	 	3
3791 - 321	 	 	30
3605 - 322	 	 	1
2231 - 323	 	 	32
2977 - 324	 	 	18
4614 - 325	 	 	20
535 - 326	 	 	31
884 - 327	 	 	19
3291 - 328	 	 	5
1004 - 329	 	 	26
3621 - 330	 	 	3
757 - 331	 	 	17
705 - 332	 	 	93
2511 - 333	 	 	1
268 - 334	 	 	35
2529 - 335	 	 	17
723 - 336	 	 	5
4105 - 337	 	 	4
2976 - 338	 	 	3
4409 - 339	 	 	40
3760 - 340	 	 	7
2415 - 341	 	 	25
2749 - 342	 	 	20
3052 - 343	 	 	6
2048 - 344	 	 	20
2110 - 345	 	 	8
4523 - 346	 	 	17
790 - 347	 	 	3
2545 - 348	 	 	22
2688 - 349	 	 	16
2482 - 350	 	 	5
2798 - 351	 	 	2
1328 - 352	 	 	3
1635 - 353	 	 	35
2176 - 354	 	 	34
623 - 355	 	 	1
3949 - 356	 	 	19
2108 - 357	 	 	17
1453 - 358	 	 	21
3291 - 359	 	 	42
4686 - 360	 	 	25
4854 - 361	 	 	26
3956 - 362	 	 	15
534 - 363	 	 	2
2126 - 364	 	 	57
1126 - 365	 	 	5
1235 - 366	 	 	1
4726 - 367	 	 	16
78 - 368	 	 	9
3872 - 369	 	 	12
3013 - 370	 	 	22
566 - 371	 	 	14
4924 - 372	 	 	42
4901 - 373	 	 	20
2954 - 374	 	 	24
2412 - 375	 	 	10
3167 - 376	 	 	2
386 - 377	 	 	53
907 - 378	 	 	8
2504 - 379	 	 	17
4364 - 380	 	 	26
2963 - 381	 	 	12
1693 - 382	 	 	9
2449 - 383	 	 	7
1443 - 384	 	 	22
3786 - 385	 	 	24
1837 - 386	 	 	17
359 - 387	 	 	20
4292 - 388	 	 	32
4763 - 389	 	 	22
1976 - 390	 	 	17
1518 - 391	 	 	6
333 - 392	 	 	3
2890 - 393	 	 	4
2473 - 394	 	 	3
1842 - 395	 	 	9
406 - 396	 	 	8
4888 - 397	 	 	14
1213 - 398	 	 	14
933 - 399	 	 	4
172 - 400	 	 	36
1623 - 401	 	 	10
4118 - 402	 	 	28
985 - 403	 	 	39
735 - 404	 	 	23
343 - 405	 	 	1
2045 - 406	 	 	22
1677 - 407	 	 	16
2807 - 408	 	 	5
4616 - 409	 	 	17
3849 - 410	 	 	7
245 - 411	 	 	6
1347 - 412	 	 	8
3324 - 413	 	 	8
4974 - 414	 	 	11
1949 - 415	 	 	2
3451 - 416	 	 	20
3167 - 417	 	 	3
3587 - 418	 	 	21
1907 - 419	 	 	26
1132 - 420	 	 	5
386 - 421	 	 	30
2240 - 422	 	 	27
370 - 423	 	 	17
104 - 424	 	 	20
1540 - 425	 	 	3
417 - 426	 	 	2
783 - 427	 	 	20
4274 - 428	 	 	2
2157 - 429	 	 	1
3120 - 430	 	 	26
3995 - 431	 	 	12
3606 - 432	 	 	3
500 - 433	 	 	4
3584 - 434	 	 	8
385 - 435	 	 	22
2081 - 436	 	 	32
1194 - 437	 	 	1
1878 - 438	 	 	32
913 - 439	 	 	3
1856 - 440	 	 	1
4531 - 441	 	 	28
4827 - 442	 	 	15
1687 - 443	 	 	15
766 - 444	 	 	7
994 - 445	 	 	21
351 - 446	 	 	30
1792 - 447	 	 	13
3097 - 448	 	 	44
2792 - 449	 	 	46
3512 - 450	 	 	2
1558 - 451	 	 	41
1367 - 452	 	 	12
1266 - 453	 	 	14
1959 - 454	 	 	19
3870 - 455	 	 	5
1723 - 456	 	 	10
3826 - 457	 	 	18
2749 - 458	 	 	4
4899 - 459	 	 	2
2187 - 460	 	 	8
3624 - 461	 	 	20
4006 - 462	 	 	52
3509 - 463	 	 	6
3438 - 464	 	 	28
2349 - 465	 	 	13
3078 - 466	 	 	9
2085 - 467	 	 	8
2892 - 468	 	 	19
4298 - 469	 	 	56
1634 - 470	 	 	96
1472 - 471	 	 	5
2767 - 472	 	 	23
2343 - 473	 	 	20
109 - 474	 	 	8
4982 - 475	 	 	3
3032 - 476	 	 	26
3689 - 477	 	 	21
2549 - 478	 	 	23
2796 - 479	 	 	14
2394 - 480	 	 	45
1397 - 481	 	 	18
1078 - 482	 	 	12
1463 - 483	 	 	22
4630 - 484	 	 	12
4739 - 485	 	 	18
4876 - 486	 	 	21
2669 - 487	 	 	11
2048 - 488	 	 	13
2742 - 489	 	 	3
4569 - 490	 	 	15
1009 - 491	 	 	16
1024 - 492	 	 	27
4128 - 493	 	 	32
1058 - 494	 	 	15
975 - 495	 	 	24
3861 - 496	 	 	18
3844 - 497	 	 	17
3279 - 498	 	 	10
1704 - 499	 	 	15
2080 - 500	 	 	27
17 - 501	 	 	9
614 - 502	 	 	19
2005 - 503	 	 	15
291 - 504	 	 	13
4053 - 505	 	 	11
3750 - 506	 	 	15
1835 - 507	 	 	9
3039 - 508	 	 	15
3692 - 509	 	 	33
1907 - 510	 	 	31
3199 - 511	 	 	8
1070 - 512	 	 	14
4652 - 513	 	 	18
3291 - 514	 	 	21
416 - 515	 	 	3
4708 - 516	 	 	48
2938 - 517	 	 	13
1429 - 518	 	 	13
3819 - 519	 	 	16
1235 - 520	 	 	13
3300 - 521	 	 	8
3326 - 522	 	 	8
1802 - 523	 	 	4
3865 - 524	 	 	13
2262 - 525	 	 	13
609 - 526	 	 	7
1576 - 527	 	 	19
2964 - 528	 	 	20
2456 - 529	 	 	11
137 - 530	 	 	11
1729 - 531	 	 	6
3827 - 532	 	 	10
837 - 533	 	 	8
4811 - 534	 	 	4
2776 - 535	 	 	14
3077 - 536	 	 	14
1986 - 537	 	 	10
3186 - 538	 	 	9
413 - 539	 	 	6
4405 - 540	 	 	7
356 - 541	 	 	41
1611 - 542	 	 	13
2255 - 543	 	 	24
4568 - 544	 	 	9
1740 - 545	 	 	18
4184 - 546	 	 	20
397 - 547	 	 	12
3835 - 548	 	 	13
3011 - 549	 	 	18
4362 - 550	 	 	13
3942 - 551	 	 	19
860 - 552	 	 	2
1340 - 553	 	 	14
3828 - 554	 	 	9
3535 - 555	 	 	11
1507 - 556	 	 	23
2539 - 557	 	 	17
2947 - 558	 	 	8
1262 - 559	 	 	9
279 - 560	 	 	35
1796 - 561	 	 	40
839 - 562	 	 	6
1720 - 563	 	 	19
3419 - 564	 	 	10
618 - 565	 	 	3
1351 - 566	 	 	5
4761 - 567	 	 	30
4013 - 568	 	 	32
3752 - 569	 	 	17
4233 - 570	 	 	15
2400 - 571	 	 	18
2345 - 572	 	 	11
4324 - 573	 	 	20
2605 - 574	 	 	21
1441 - 575	 	 	7
226 - 576	 	 	17
3002 - 577	 	 	4
1094 - 578	 	 	26
384 - 579	 	 	9
4504 - 580	 	 	3
4419 - 581	 	 	33
4088 - 582	 	 	3
1698 - 583	 	 	5
2342 - 584	 	 	22
177 - 585	 	 	15
2071 - 586	 	 	36
233 - 587	 	 	19
3996 - 588	 	 	8
4001 - 589	 	 	5
2572 - 590	 	 	4
3565 - 591	 	 	39
1256 - 592	 	 	20
4305 - 593	 	 	24
2445 - 594	 	 	12
4182 - 595	 	 	46
1575 - 596	 	 	45
1114 - 597	 	 	50
4799 - 598	 	 	14
616 - 599	 	 	19
697 - 600	 	 	28
687 - 601	 	 	3
4706 - 602	 	 	57
3916 - 603	 	 	58
4760 - 604	 	 	16
2506 - 605	 	 	19
1740 - 606	 	 	7
106 - 607	 	 	4
4696 - 608	 	 	12
4094 - 609	 	 	9
4902 - 610	 	 	17
2936 - 611	 	 	19
4562 - 612	 	 	20
4297 - 613	 	 	6
4137 - 614	 	 	7
4103 - 615	 	 	12
2621 - 616	 	 	38
4452 - 617	 	 	28
3904 - 618	 	 	6
2305 - 619	 	 	3
4027 - 620	 	 	6
4185 - 621	 	 	4
1888 - 622	 	 	7
117 - 623	 	 	8
721 - 624	 	 	30
1852 - 625	 	 	44
2201 - 626	 	 	5
2551 - 627	 	 	3
4401 - 628	 	 	25
4702 - 629	 	 	21
4483 - 630	 	 	22
1984 - 631	 	 	9
979 - 632	 	 	4
200 - 633	 	 	1
3535 - 634	 	 	7
2427 - 635	 	 	38
4502 - 636	 	 	16
876 - 637	 	 	11
333 - 638	 	 	12
104 - 639	 	 	34
278 - 640	 	 	16
4937 - 641	 	 	1
1812 - 642	 	 	21
667 - 643	 	 	3
1359 - 644	 	 	14
3512 - 645	 	 	29
1984 - 646	 	 	17
4138 - 647	 	 	5
1238 - 648	 	 	14
889 - 649	 	 	17
4334 - 650	 	 	32
2644 - 651	 	 	16
3448 - 652	 	 	23
1934 - 653	 	 	5
924 - 654	 	 	45
2801 - 655	 	 	9
2710 - 656	 	 	18
3465 - 657	 	 	14
1067 - 658	 	 	22
791 - 659	 	 	16
4944 - 660	 	 	10
2637 - 661	 	 	29
198 - 662	 	 	10
3828 - 663	 	 	13
638 - 664	 	 	5
4044 - 665	 	 	10
877 - 666	 	 	9
22 - 667	 	 	13
3356 - 668	 	 	29
1742 - 669	 	 	42
2510 - 670	 	 	13
3800 - 671	 	 	24
3656 - 672	 	 	3
1755 - 673	 	 	19
1242 - 674	 	 	3
3604 - 675	 	 	23
3950 - 676	 	 	1
1551 - 677	 	 	13
3261 - 678	 	 	14
3496 - 679	 	 	2
3019 - 680	 	 	10
1306 - 681	 	 	11
416 - 682	 	 	13
1761 - 683	 	 	32
1880 - 684	 	 	18
3828 - 685	 	 	15
3649 - 686	 	 	15
114 - 687	 	 	10
483 - 688	 	 	15
1671 - 689	 	 	47
549 - 690	 	 	6
4010 - 691	 	 	11
3049 - 692	 	 	6
2818 - 693	 	 	28
3431 - 694	 	 	18
4434 - 695	 	 	15
155 - 696	 	 	29
4403 - 697	 	 	13
2348 - 698	 	 	38
1777 - 699	 	 	8
3041 - 700	 	 	2
1619 - 701	 	 	9
2795 - 702	 	 	16
794 - 703	 	 	18
943 - 704	 	 	4
4965 - 705	 	 	13
2868 - 706	 	 	28
423 - 707	 	 	25
4136 - 708	 	 	26
1039 - 709	 	 	29
1382 - 710	 	 	55
2963 - 711	 	 	23
4744 - 712	 	 	14
638 - 713	 	 	3
2001 - 714	 	 	26
2915 - 715	 	 	9
3516 - 716	 	 	14
1477 - 717	 	 	2
3347 - 718	 	 	21
256 - 719	 	 	1
1163 - 720	 	 	33
50 - 721	 	 	16
1899 - 722	 	 	24
715 - 723	 	 	12
2031 - 724	 	 	25
4843 - 725	 	 	34
4800 - 726	 	 	9
4150 - 727	 	 	25
353 - 728	 	 	43
2932 - 729	 	 	16
4428 - 730	 	 	2
4790 - 731	 	 	1
1111 - 732	 	 	29
2430 - 733	 	 	2
724 - 734	 	 	45
3013 - 735	 	 	10
917 - 736	 	 	12
1005 - 737	 	 	1
3340 - 738	 	 	14
4715 - 739	 	 	3
706 - 740	 	 	30
1459 - 741	 	 	3
4245 - 742	 	 	14
2907 - 743	 	 	4
4176 - 744	 	 	2
256 - 745	 	 	15
771 - 746	 	 	4
2378 - 747	 	 	20
1414 - 748	 	 	3
4897 - 749	 	 	19
2503 - 750	 	 	24
609 - 751	 	 	17
1457 - 752	 	 	3
2471 - 753	 	 	16
1649 - 754	 	 	19
3662 - 755	 	 	3
579 - 756	 	 	20
4230 - 757	 	 	2
2392 - 758	 	 	13
1254 - 759	 	 	16
2059 - 760	 	 	5
1397 - 761	 	 	26
947 - 762	 	 	2
3741 - 763	 	 	4
2649 - 764	 	 	12
1421 - 765	 	 	11
2484 - 766	 	 	6
4373 - 767	 	 	22
2764 - 768	 	 	21
2848 - 769	 	 	11
191 - 770	 	 	1
371 - 771	 	 	5
879 - 772	 	 	17
3067 - 773	 	 	16
4031 - 774	 	 	13
3000 - 775	 	 	44
1677 - 776	 	 	8
1843 - 777	 	 	12
1536 - 778	 	 	33
1321 - 779	 	 	34
1619 - 780	 	 	51
3180 - 781	 	 	8
3621 - 782	 	 	42
2624 - 783	 	 	2
2431 - 784	 	 	12
1746 - 785	 	 	24
481 - 786	 	 	14
3018 - 787	 	 	9
611 - 788	 	 	7
205 - 789	 	 	6
3318 - 790	 	 	12
4464 - 791	 	 	9
2217 - 792	 	 	8
616 - 793	 	 	42
1589 - 794	 	 	10
4819 - 795	 	 	2
3218 - 796	 	 	16
1859 - 797	 	 	4
1255 - 798	 	 	36
3082 - 799	 	 	7
4634 - 800	 	 	18
1606 - 801	 	 	7
1011 - 802	 	 	19
1749 - 803	 	 	20
2529 - 804	 	 	29
4133 - 805	 	 	3
3273 - 806	 	 	23
3995 - 807	 	 	8
4589 - 808	 	 	12
823 - 809	 	 	13
869 - 810	 	 	11
618 - 811	 	 	26
3518 - 812	 	 	18
142 - 813	 	 	8
3521 - 814	 	 	20
1717 - 815	 	 	31
3014 - 816	 	 	11
2486 - 817	 	 	16
874 - 818	 	 	9
87 - 819	 	 	10
1029 - 820	 	 	14
1957 - 821	 	 	45
1918 - 822	 	 	31
13 - 823	 	 	5
572 - 824	 	 	11
889 - 825	 	 	23
2121 - 826	 	 	18
2979 - 827	 	 	11
3246 - 828	 	 	4
2838 - 829	 	 	23
3550 - 830	 	 	14
1408 - 831	 	 	1
2188 - 832	 	 	8
2469 - 833	 	 	17
4096 - 834	 	 	9
3247 - 835	 	 	19
4904 - 836	 	 	11
588 - 837	 	 	16
576 - 838	 	 	57
4190 - 839	 	 	7
1928 - 840	 	 	2
4128 - 841	 	 	8
1514 - 842	 	 	10
1595 - 843	 	 	1
3028 - 844	 	 	32
40 - 845	 	 	6
4234 - 846	 	 	23
2853 - 847	 	 	1
4242 - 848	 	 	50
2166 - 849	 	 	31
2875 - 850	 	 	4
751 - 851	 	 	19
3424 - 852	 	 	9
3797 - 853	 	 	4
3008 - 854	 	 	7
132 - 855	 	 	2
1027 - 856	 	 	10
787 - 857	 	 	14
431 - 858	 	 	17
2741 - 859	 	 	8
1156 - 860	 	 	5
1736 - 861	 	 	1
455 - 862	 	 	13
3363 - 863	 	 	9
505 - 864	 	 	4
3671 - 865	 	 	23
3752 - 866	 	 	14
3326 - 867	 	 	1
3001 - 868	 	 	23
2423 - 869	 	 	9
1024 - 870	 	 	10
468 - 871	 	 	25
3534 - 872	 	 	36
759 - 873	 	 	3
4871 - 874	 	 	17
1476 - 875	 	 	12
2364 - 876	 	 	2
3928 - 877	 	 	21
4523 - 878	 	 	17
2645 - 879	 	 	2
4591 - 880	 	 	2
106 - 881	 	 	22
899 - 882	 	 	13
1620 - 883	 	 	27
851 - 884	 	 	6
1898 - 885	 	 	7
927 - 886	 	 	41
4446 - 887	 	 	9
3535 - 888	 	 	18
1370 - 889	 	 	17
852 - 890	 	 	20
4913 - 891	 	 	7
1124 - 892	 	 	39
2289 - 893	 	 	9
3370 - 894	 	 	6
3606 - 895	 	 	32
4771 - 896	 	 	15
2412 - 897	 	 	37
3975 - 898	 	 	46
2358 - 899	 	 	16
2307 - 900	 	 	4
1370 - 901	 	 	7
3464 - 902	 	 	17
3293 - 903	 	 	14
4609 - 904	 	 	9
4494 - 905	 	 	6
2180 - 906	 	 	8
1735 - 907	 	 	22
611 - 908	 	 	27
3928 - 909	 	 	14
2811 - 910	 	 	7
1699 - 911	 	 	4
2304 - 912	 	 	26
1808 - 913	 	 	7
4802 - 914	 	 	5
3963 - 915	 	 	9
4962 - 916	 	 	14
4760 - 917	 	 	1
2707 - 918	 	 	23
2709 - 919	 	 	5
2938 - 920	 	 	48
524 - 921	 	 	29
4264 - 922	 	 	20
1325 - 923	 	 	16
3530 - 924	 	 	16
4123 - 925	 	 	13
22 - 926	 	 	16
4575 - 927	 	 	9
4271 - 928	 	 	20
4375 - 929	 	 	14
3419 - 930	 	 	6
1127 - 931	 	 	19
1749 - 932	 	 	9
1739 - 933	 	 	8
4991 - 934	 	 	15
1337 - 935	 	 	16
532 - 936	 	 	16
3441 - 937	 	 	11
3433 - 938	 	 	25
4520 - 939	 	 	23
4163 - 940	 	 	26
3119 - 941	 	 	41
4089 - 942	 	 	5
4465 - 943	 	 	7
1377 - 944	 	 	2
4149 - 945	 	 	38
1673 - 946	 	 	7
1562 - 947	 	 	3
1501 - 948	 	 	25
2330 - 949	 	 	32
4030 - 950	 	 	10
856 - 951	 	 	29
1057 - 952	 	 	28
1207 - 953	 	 	22
4555 - 954	 	 	14
3672 - 955	 	 	4
678 - 956	 	 	13
2304 - 957	 	 	17
2721 - 958	 	 	13
4723 - 959	 	 	6
3369 - 960	 	 	5
2657 - 961	 	 	24
4301 - 962	 	 	15
2934 - 963	 	 	19
4287 - 964	 	 	28
4575 - 965	 	 	28
2130 - 966	 	 	3
3514 - 967	 	 	11
3177 - 968	 	 	14
4284 - 969	 	 	16
1911 - 970	 	 	13
2320 - 971	 	 	19
4094 - 972	 	 	13
2106 - 973	 	 	14
4718 - 974	 	 	12
2655 - 975	 	 	11
3881 - 976	 	 	18
2027 - 977	 	 	21
3029 - 978	 	 	28
1841 - 979	 	 	7
1654 - 980	 	 	11
2637 - 981	 	 	2
3812 - 982	 	 	25
2516 - 983	 	 	10
2694 - 984	 	 	3
1741 - 985	 	 	14
636 - 986	 	 	67
1144 - 987	 	 	3
21 - 988	 	 	47
1242 - 989	 	 	4
4321 - 990	 	 	6
2571 - 991	 	 	4
4403 - 992	 	 	6
168 - 993	 	 	23
3540 - 994	 	 	23
297 - 995	 	 	28
105 - 996	 	 	5
58 - 997	 	 	6
2972 - 998	 	 	2
4498 - 999	 	 	22
1848 - 1000	 	 	11
3305 - 1001	 	 	6
1345 - 1002	 	 	8
830 - 1003	 	 	6
556 - 1004	 	 	9
45 - 1005	 	 	13
4147 - 1006	 	 	9
2554 - 1007	 	 	13
216 - 1008	 	 	2
1172 - 1009	 	 	34
523 - 1010	 	 	5
784 - 1011	 	 	29
2374 - 1012	 	 	11
4444 - 1013	 	 	31
2985 - 1014	 	 	9
4400 - 1015	 	 	21
2994 - 1016	 	 	14
2475 - 1017	 	 	20
1301 - 1018	 	 	13
2042 - 1019	 	 	24
3503 - 1020	 	 	7
3883 - 1021	 	 	7
304 - 1022	 	 	4
2124 - 1023	 	 	4
4497 - 1024	 	 	11
32 - 1025	 	 	24
1455 - 1026	 	 	6
4906 - 1027	 	 	19
2395 - 1028	 	 	21
496 - 1029	 	 	15
2386 - 1030	 	 	32
3884 - 1031	 	 	5
1451 - 1032	 	 	11
1724 - 1033	 	 	11
1198 - 1034	 	 	8
2546 - 1035	 	 	8
1832 - 1036	 	 	8
3977 - 1037	 	 	8
761 - 1038	 	 	1
4819 - 1039	 	 	19
474 - 1040	 	 	15
3077 - 1041	 	 	13
862 - 1042	 	 	28
2963 - 1043	 	 	8
536 - 1044	 	 	13
4382 - 1045	 	 	12
4002 - 1046	 	 	10
2826 - 1047	 	 	5
4842 - 1048	 	 	17
2277 - 1049	 	 	16
1973 - 1050	 	 	9
857 - 1051	 	 	15
4280 - 1052	 	 	1
553 - 1053	 	 	9
141 - 1054	 	 	25
2791 - 1055	 	 	7
2878 - 1056	 	 	13
543 - 1057	 	 	22
4577 - 1058	 	 	11
3360 - 1059	 	 	18
1160 - 1060	 	 	2
2900 - 1061	 	 	1
30 - 1062	 	 	12
1705 - 1063	 	 	11
4186 - 1064	 	 	19
513 - 1065	 	 	7
3202 - 1066	 	 	14
1955 - 1067	 	 	8
1311 - 1068	 	 	2
3186 - 1069	 	 	27
4794 - 1070	 	 	3
3215 - 1071	 	 	22
328 - 1072	 	 	6
3752 - 1073	 	 	38
2356 - 1074	 	 	7
4141 - 1075	 	 	1
475 - 1076	 	 	13
3830 - 1077	 	 	11
3873 - 1078	 	 	27
3736 - 1079	 	 	19
2460 - 1080	 	 	6
3159 - 1081	 	 	21
1434 - 1082	 	 	40
2834 - 1083	 	 	12
1655 - 1084	 	 	3
4605 - 1085	 	 	10
156 - 1086	 	 	9
1419 - 1087	 	 	15
4582 - 1088	 	 	3
4977 - 1089	 	 	6
3097 - 1090	 	 	30
3643 - 1091	 	 	34
4340 - 1092	 	 	15
2424 - 1093	 	 	12
1478 - 1094	 	 	15
2302 - 1095	 	 	48
2427 - 1096	 	 	48
3472 - 1097	 	 	2
647 - 1098	 	 	3
2435 - 1099	 	 	20
906 - 1100	 	 	1
1511 - 1101	 	 	11
4204 - 1102	 	 	7
3223 - 1103	 	 	24
3636 - 1104	 	 	4
4466 - 1105	 	 	6
1566 - 1106	 	 	22
2083 - 1107	 	 	18
2572 - 1108	 	 	14
3793 - 1109	 	 	17
4886 - 1110	 	 	13
3993 - 1111	 	 	4
477 - 1112	 	 	12
618 - 1113	 	 	8
1330 - 1114	 	 	20
2913 - 1115	 	 	2
4399 - 1116	 	 	10
2282 - 1117	 	 	20
1704 - 1118	 	 	17
228 - 1119	 	 	7
4488 - 1120	 	 	55
3689 - 1121	 	 	2
1919 - 1122	 	 	10
1056 - 1123	 	 	1
3802 - 1124	 	 	5
3171 - 1125	 	 	35
2637 - 1126	 	 	12
4185 - 1127	 	 	6
4445 - 1128	 	 	4
4559 - 1129	 	 	29
975 - 1130	 	 	13
3825 - 1131	 	 	31
1751 - 1132	 	 	17
944 - 1133	 	 	13
4566 - 1134	 	 	7
850 - 1135	 	 	12
2208 - 1136	 	 	13
4619 - 1137	 	 	9
4575 - 1138	 	 	49
2801 - 1139	 	 	25
1516 - 1140	 	 	4
2132 - 1141	 	 	6
3609 - 1142	 	 	12
4767 - 1143	 	 	47
4203 - 1144	 	 	10
2091 - 1145	 	 	1
1400 - 1146	 	 	17
3076 - 1147	 	 	23
3441 - 1148	 	 	14
3398 - 1149	 	 	13
3089 - 1150	 	 	11
3127 - 1151	 	 	11
2830 - 1152	 	 	41
983 - 1153	 	 	10
2697 - 1154	 	 	5
1244 - 1155	 	 	7
2022 - 1156	 	 	15
3004 - 1157	 	 	27
1336 - 1158	 	 	10
683 - 1159	 	 	8
306 - 1160	 	 	1
2663 - 1161	 	 	11
4265 - 1162	 	 	50
2417 - 1163	 	 	28
1999 - 1164	 	 	25
1852 - 1165	 	 	20
4895 - 1166	 	 	26
4849 - 1167	 	 	5
4411 - 1168	 	 	8
1123 - 1169	 	 	23
1877 - 1170	 	 	5
3033 - 1171	 	 	1
3779 - 1172	 	 	13
3330 - 1173	 	 	23
2130 - 1174	 	 	21
1169 - 1175	 	 	21
83 - 1176	 	 	23
2083 - 1177	 	 	24
4998 - 1178	 	 	10
3824 - 1179	 	 	2
2105 - 1180	 	 	20
2768 - 1181	 	 	14
222 - 1182	 	 	16
2466 - 1183	 	 	17
1569 - 1184	 	 	4
1077 - 1185	 	 	17
745 - 1186	 	 	4
4105 - 1187	 	 	13
2575 - 1188	 	 	15
1035 - 1189	 	 	12
4008 - 1190	 	 	31
4047 - 1191	 	 	4
4473 - 1192	 	 	30
3527 - 1193	 	 	30
3911 - 1194	 	 	10
2834 - 1195	 	 	23
327 - 1196	 	 	44
1046 - 1197	 	 	15
2972 - 1198	 	 	13
4840 - 1199	 	 	42
3744 - 1200	 	 	3
4555 - 1201	 	 	33
1206 - 1202	 	 	5
1433 - 1203	 	 	27
4698 - 1204	 	 	17
1727 - 1205	 	 	15
847 - 1206	 	 	22
1427 - 1207	 	 	25
101 - 1208	 	 	14
2157 - 1209	 	 	25
1060 - 1210	 	 	29
3412 - 1211	 	 	9
4910 - 1212	 	 	15
2300 - 1213	 	 	5
3202 - 1214	 	 	14
4523 - 1215	 	 	12
828 - 1216	 	 	23
4165 - 1217	 	 	18
851 - 1218	 	 	22
4179 - 1219	 	 	7
3089 - 1220	 	 	15
2132 - 1221	 	 	24
1082 - 1222	 	 	3
4530 - 1223	 	 	19
2131 - 1224	 	 	6
3362 - 1225	 	 	13
4910 - 1226	 	 	24
2204 - 1227	 	 	30
885 - 1228	 	 	13
1485 - 1229	 	 	19
1992 - 1230	 	 	23
1735 - 1231	 	 	9
1435 - 1232	 	 	12
776 - 1233	 	 	8
3537 - 1234	 	 	17
202 - 1235	 	 	2
4732 - 1236	 	 	8
4937 - 1237	 	 	11
248 - 1238	 	 	2
3499 - 1239	 	 	19
1659 - 1240	 	 	48
2933 - 1241	 	 	38
2948 - 1242	 	 	14
576 - 1243	 	 	15
653 - 1244	 	 	18
343 - 1245	 	 	6
2455 - 1246	 	 	17
4755 - 1247	 	 	2
1242 - 1248	 	 	16
4546 - 1249	 	 	9
3901 - 1250	 	 	5
4927 - 1251	 	 	37
55 - 1252	 	 	14
3282 - 1253	 	 	30
1066 - 1254	 	 	15
3109 - 1255	 	 	16
2731 - 1256	 	 	9
1206 - 1257	 	 	29
65 - 1258	 	 	14
4469 - 1259	 	 	13
3001 - 1260	 	 	13
2804 - 1261	 	 	14
4423 - 1262	 	 	2
2703 - 1263	 	 	27
3106 - 1264	 	 	38
1197 - 1265	 	 	17
4260 - 1266	 	 	13
886 - 1267	 	 	8
969 - 1268	 	 	1
4742 - 1269	 	 	14
2534 - 1270	 	 	11
431 - 1271	 	 	5
4381 - 1272	 	 	13
1510 - 1273	 	 	14
1390 - 1274	 	 	12
3911 - 1275	 	 	16
2322 - 1276	 	 	2
1032 - 1277	 	 	13
1149 - 1278	 	 	68
3715 - 1279	 	 	17
4144 - 1280	 	 	1
2846 - 1281	 	 	43
4393 - 1282	 	 	11
1012 - 1283	 	 	30
831 - 1284	 	 	19
456 - 1285	 	 	2
1419 - 1286	 	 	33
2776 - 1287	 	 	27
825 - 1288	 	 	24
2443 - 1289	 	 	6
832 - 1290	 	 	6
1270 - 1291	 	 	53
3755 - 1292	 	 	3
3887 - 1293	 	 	26
4099 - 1294	 	 	24
2300 - 1295	 	 	14
4053 - 1296	 	 	23
2114 - 1297	 	 	2
609 - 1298	 	 	9
1501 - 1299	 	 	36
2255 - 1300	 	 	1
2860 - 1301	 	 	3
1094 - 1302	 	 	11
4861 - 1303	 	 	14
144 - 1304	 	 	14
3953 - 1305	 	 	26
3493 - 1306	 	 	9
1109 - 1307	 	 	16
3586 - 1308	 	 	29
2384 - 1309	 	 	8
1380 - 1310	 	 	26
169 - 1311	 	 	2
3094 - 1312	 	 	26
2949 - 1313	 	 	28
866 - 1314	 	 	7
4781 - 1315	 	 	26
4936 - 1316	 	 	13
3667 - 1317	 	 	1
4743 - 1318	 	 	15
564 - 1319	 	 	1
3127 - 1320	 	 	15
142 - 1321	 	 	10
2829 - 1322	 	 	1
495 - 1323	 	 	23
2724 - 1324	 	 	25
566 - 1325	 	 	19
4034 - 1326	 	 	12
2645 - 1327	 	 	7
1414 - 1328	 	 	20
293 - 1329	 	 	34
4602 - 1330	 	 	8
1133 - 1331	 	 	11
1663 - 1332	 	 	1
4138 - 1333	 	 	6
1457 - 1334	 	 	23
1246 - 1335	 	 	7
1001 - 1336	 	 	6
3302 - 1337	 	 	21
3085 - 1338	 	 	23
2728 - 1339	 	 	3
896 - 1340	 	 	1
2308 - 1341	 	 	6
1563 - 1342	 	 	12
653 - 1343	 	 	19
312 - 1344	 	 	20
1297 - 1345	 	 	1
4999 - 1346	 	 	1
3613 - 1347	 	 	2
977 - 1348	 	 	15
1482 - 1349	 	 	2
4755 - 1350	 	 	8
1053 - 1351	 	 	13
3973 - 1352	 	 	5
2443 - 1353	 	 	13
4881 - 1354	 	 	17
3468 - 1355	 	 	6
4293 - 1356	 	 	5
1183 - 1357	 	 	19
2361 - 1358	 	 	20
3887 - 1359	 	 	8
1649 - 1360	 	 	10
2866 - 1361	 	 	3
3293 - 1362	 	 	2
4816 - 1363	 	 	8
192 - 1364	 	 	7
3592 - 1365	 	 	21
4088 - 1366	 	 	3
3887 - 1367	 	 	8
812 - 1368	 	 	21
612 - 1369	 	 	20
4058 - 1370	 	 	15
4995 - 1371	 	 	11
1137 - 1372	 	 	9
2037 - 1373	 	 	5
3673 - 1374	 	 	26
309 - 1375	 	 	8
806 - 1376	 	 	17
4351 - 1377	 	 	15
1541 - 1378	 	 	3
3920 - 1379	 	 	18
1149 - 1380	 	 	15
3752 - 1381	 	 	36
4417 - 1382	 	 	5
868 - 1383	 	 	4
2595 - 1384	 	 	8
1083 - 1385	 	 	3
373 - 1386	 	 	19
4526 - 1387	 	 	2
2403 - 1388	 	 	28
2973 - 1389	 	 	27
3770 - 1390	 	 	7
4161 - 1391	 	 	11
539 - 1392	 	 	12
697 - 1393	 	 	12
3585 - 1394	 	 	7
60 - 1395	 	 	8
4931 - 1396	 	 	6
2407 - 1397	 	 	2
774 - 1398	 	 	7
2758 - 1399	 	 	14
198 - 1400	 	 	7
4646 - 1401	 	 	25
3110 - 1402	 	 	2
570 - 1403	 	 	1
3336 - 1404	 	 	23
3110 - 1405	 	 	7
4496 - 1406	 	 	12
1919 - 1407	 	 	22
563 - 1408	 	 	2
3465 - 1409	 	 	3
4650 - 1410	 	 	8
1583 - 1411	 	 	19
4911 - 1412	 	 	74
2383 - 1413	 	 	12
2920 - 1414	 	 	20
4393 - 1415	 	 	64
796 - 1416	 	 	11
248 - 1417	 	 	11
3476 - 1418	 	 	18
2533 - 1419	 	 	8
1436 - 1420	 	 	3
1392 - 1421	 	 	20
3248 - 1422	 	 	15
1852 - 1423	 	 	27
2093 - 1424	 	 	16
1818 - 1425	 	 	9
4570 - 1426	 	 	27
969 - 1427	 	 	19
4368 - 1428	 	 	18
3426 - 1429	 	 	4
3441 - 1430	 	 	25
3587 - 1431	 	 	10
3149 - 1432	 	 	4
2428 - 1433	 	 	11
719 - 1434	 	 	11
2558 - 1435	 	 	5
1678 - 1436	 	 	12
204 - 1437	 	 	7
2330 - 1438	 	 	18
3246 - 1439	 	 	58
4463 - 1440	 	 	24
129 - 1441	 	 	20
215 - 1442	 	 	20
2550 - 1443	 	 	13
1090 - 1444	 	 	3
1057 - 1445	 	 	35
1695 - 1446	 	 	21
4494 - 1447	 	 	22
1966 - 1448	 	 	36
887 - 1449	 	 	2
381 - 1450	 	 	12
4731 - 1451	 	 	15
3246 - 1452	 	 	11
4632 - 1453	 	 	3
64 - 1454	 	 	16
4053 - 1455	 	 	17
2217 - 1456	 	 	5
3014 - 1457	 	 	21
3416 - 1458	 	 	18
2559 - 1459	 	 	10
1723 - 1460	 	 	14
4466 - 1461	 	 	15
866 - 1462	 	 	34
1136 - 1463	 	 	21
3636 - 1464	 	 	3
4076 - 1465	 	 	3
113 - 1466	 	 	2
3179 - 1467	 	 	19
566 - 1468	 	 	2
1620 - 1469	 	 	10
1756 - 1470	 	 	5
1866 - 1471	 	 	15
1067 - 1472	 	 	32
2989 - 1473	 	 	10
1943 - 1474	 	 	1
750 - 1475	 	 	28
3405 - 1476	 	 	14
242 - 1477	 	 	11
1158 - 1478	 	 	10
2300 - 1479	 	 	11
3198 - 1480	 	 	38
1031 - 1481	 	 	2
3054 - 1482	 	 	8
3481 - 1483	 	 	13
1574 - 1484	 	 	31
2575 - 1485	 	 	11
2235 - 1486	 	 	14
2689 - 1487	 	 	8
4575 - 1488	 	 	11
143 - 1489	 	 	37
3629 - 1490	 	 	9
4521 - 1491	 	 	26
4027 - 1492	 	 	1
1823 - 1493	 	 	12
618 - 1494	 	 	2
4518 - 1495	 	 	17
889 - 1496	 	 	7
1203 - 1497	 	 	27
2534 - 1498	 	 	7
1105 - 1499	 	 	17
1114 - 1500	 	 	19
1340 - 1501	 	 	3
1017 - 1502	 	 	17
3956 - 1503	 	 	4
705 - 1504	 	 	1
3919 - 1505	 	 	3
1695 - 1506	 	 	4
3741 - 1507	 	 	11
4492 - 1508	 	 	18
242 - 1509	 	 	2
3777 - 1510	 	 	11
3344 - 1511	 	 	14
3287 - 1512	 	 	25
2041 - 1513	 	 	1
4350 - 1514	 	 	10
525 - 1515	 	 	15
4605 - 1516	 	 	3
2334 - 1517	 	 	18
4732 - 1518	 	 	18
4470 - 1519	 	 	32
1792 - 1520	 	 	21
4077 - 1521	 	 	33
1814 - 1522	 	 	33
4596 - 1523	 	 	19
2050 - 1524	 	 	6
295 - 1525	 	 	17
1537 - 1526	 	 	3
2140 - 1527	 	 	31
4195 - 1528	 	 	20
3476 - 1529	 	 	3
1401 - 1530	 	 	7
1870 - 1531	 	 	28
2598 - 1532	 	 	22
560 - 1533	 	 	4
2939 - 1534	 	 	11
2055 - 1535	 	 	22
1956 - 1536	 	 	1
481 - 1537	 	 	17
2889 - 1538	 	 	18
1998 - 1539	 	 	7
4119 - 1540	 	 	12
1447 - 1541	 	 	9
4845 - 1542	 	 	28
3150 - 1543	 	 	12
3855 - 1544	 	 	9
4167 - 1545	 	 	3
542 - 1546	 	 	46
1792 - 1547	 	 	28
2547 - 1548	 	 	6
2575 - 1549	 	 	5
1138 - 1550	 	 	36
3727 - 1551	 	 	9
4913 - 1552	 	 	14
1035 - 1553	 	 	18
3661 - 1554	 	 	19
3516 - 1555	 	 	12
3266 - 1556	 	 	2
623 - 1557	 	 	60
2128 - 1558	 	 	13
1951 - 1559	 	 	1
629 - 1560	 	 	27
1880 - 1561	 	 	16
2795 - 1562	 	 	23
4264 - 1563	 	 	18
3451 - 1564	 	 	23
2963 - 1565	 	 	28
2595 - 1566	 	 	3
2544 - 1567	 	 	34
2937 - 1568	 	 	9
2122 - 1569	 	 	3
1442 - 1570	 	 	6
4320 - 1571	 	 	19
4637 - 1572	 	 	8
3818 - 1573	 	 	12
741 - 1574	 	 	3
2069 - 1575	 	 	21
3538 - 1576	 	 	12
2068 - 1577	 	 	9
2001 - 1578	 	 	25
1735 - 1579	 	 	9
3410 - 1580	 	 	31
2415 - 1581	 	 	1
49 - 1582	 	 	28
4380 - 1583	 	 	5
4483 - 1584	 	 	20
694 - 1585	 	 	20
1012 - 1586	 	 	17
4741 - 1587	 	 	30
4978 - 1588	 	 	9
2769 - 1589	 	 	4
3738 - 1590	 	 	1
83 - 1591	 	 	20
2177 - 1592	 	 	15
2546 - 1593	 	 	22
1206 - 1594	 	 	20
4945 - 1595	 	 	9
1988 - 1596	 	 	15
3561 - 1597	 	 	22
2611 - 1598	 	 	23
3154 - 1599	 	 	23
3312 - 1600	 	 	47
538 - 1601	 	 	29
834 - 1602	 	 	12
2392 - 1603	 	 	9
2945 - 1604	 	 	15
1513 - 1605	 	 	4
2036 - 1606	 	 	30
1520 - 1607	 	 	2
2916 - 1608	 	 	7
1583 - 1609	 	 	27
3052 - 1610	 	 	16
4227 - 1611	 	 	3
514 - 1612	 	 	23
4053 - 1613	 	 	26
4417 - 1614	 	 	27
4135 - 1615	 	 	16
794 - 1616	 	 	34
2046 - 1617	 	 	13
79 - 1618	 	 	26
2805 - 1619	 	 	5
3290 - 1620	 	 	28
727 - 1621	 	 	12
1926 - 1622	 	 	15
3565 - 1623	 	 	2
3682 - 1624	 	 	3
2951 - 1625	 	 	10
304 - 1626	 	 	5
4416 - 1627	 	 	10
1617 - 1628	 	 	6
1242 - 1629	 	 	6
989 - 1630	 	 	3
2086 - 1631	 	 	3
1861 - 1632	 	 	4
2748 - 1633	 	 	33
2725 - 1634	 	 	18
1828 - 1635	 	 	24
3094 - 1636	 	 	33
1399 - 1637	 	 	2
4042 - 1638	 	 	2
4174 - 1639	 	 	7
719 - 1640	 	 	2
3829 - 1641	 	 	4
1826 - 1642	 	 	6
672 - 1643	 	 	9
3 - 1644	 	 	14
4297 - 1645	 	 	24
705 - 1646	 	 	2
721 - 1647	 	 	12
1743 - 1648	 	 	5
1799 - 1649	 	 	17
962 - 1650	 	 	23
3729 - 1651	 	 	16
1649 - 1652	 	 	26
4733 - 1653	 	 	26
3506 - 1654	 	 	13
1494 - 1655	 	 	18
3465 - 1656	 	 	11
4658 - 1657	 	 	42
515 - 1658	 	 	7
3426 - 1659	 	 	38
2166 - 1660	 	 	17
4010 - 1661	 	 	10
4609 - 1662	 	 	23
4072 - 1663	 	 	15
4042 - 1664	 	 	7
1730 - 1665	 	 	82
4231 - 1666	 	 	20
4310 - 1667	 	 	11
1272 - 1668	 	 	1
3215 - 1669	 	 	31
1889 - 1670	 	 	14
4072 - 1671	 	 	26
2011 - 1672	 	 	10
1839 - 1673	 	 	23
2136 - 1674	 	 	17
4228 - 1675	 	 	12
1711 - 1676	 	 	4
1271 - 1677	 	 	8
3138 - 1678	 	 	16
1508 - 1679	 	 	19
1705 - 1680	 	 	23
2360 - 1681	 	 	13
4099 - 1682	 	 	10
261 - 1683	 	 	20
178 - 1684	 	 	11
1406 - 1685	 	 	12
4977 - 1686	 	 	4
3236 - 1687	 	 	12
3082 - 1688	 	 	25
1299 - 1689	 	 	43
2792 - 1690	 	 	25
301 - 1691	 	 	24
2358 - 1692	 	 	5
3226 - 1693	 	 	26
4684 - 1694	 	 	43
4560 - 1695	 	 	14
972 - 1696	 	 	54
1924 - 1697	 	 	29
2932 - 1698	 	 	20
2470 - 1699	 	 	2
717 - 1700	 	 	28
536 - 1701	 	 	17
592 - 1702	 	 	4
3527 - 1703	 	 	1
3901 - 1704	 	 	11
2119 - 1705	 	 	17
1289 - 1706	 	 	24
3042 - 1707	 	 	6
44 - 1708	 	 	8
2674 - 1709	 	 	19
4336 - 1710	 	 	27
4985 - 1711	 	 	2
381 - 1712	 	 	1
4545 - 1713	 	 	10
4867 - 1714	 	 	14
3208 - 1715	 	 	12
105 - 1716	 	 	10
44 - 1717	 	 	25
3026 - 1718	 	 	37
1848 - 1719	 	 	16
3718 - 1720	 	 	21
1566 - 1721	 	 	2
2052 - 1722	 	 	48
4232 - 1723	 	 	18
3122 - 1724	 	 	24
2014 - 1725	 	 	21
1590 - 1726	 	 	12
506 - 1727	 	 	20
3286 - 1728	 	 	11
532 - 1729	 	 	24
3588 - 1730	 	 	22
1876 - 1731	 	 	14
4090 - 1732	 	 	13
2208 - 1733	 	 	2
3012 - 1734	 	 	5
2659 - 1735	 	 	1
4598 - 1736	 	 	16
3775 - 1737	 	 	16
1012 - 1738	 	 	14
178 - 1739	 	 	2
1849 - 1740	 	 	7
2472 - 1741	 	 	17
4644 - 1742	 	 	39
4831 - 1743	 	 	18
2038 - 1744	 	 	4
1781 - 1745	 	 	14
3666 - 1746	 	 	8
1498 - 1747	 	 	17
893 - 1748	 	 	22
766 - 1749	 	 	2
2018 - 1750	 	 	11
1646 - 1751	 	 	6
178 - 1752	 	 	13
3712 - 1753	 	 	45
2397 - 1754	 	 	33
3010 - 1755	 	 	18
2503 - 1756	 	 	12
3834 - 1757	 	 	25
2887 - 1758	 	 	17
2571 - 1759	 	 	25
2242 - 1760	 	 	1
2910 - 1761	 	 	13
3946 - 1762	 	 	31
3524 - 1763	 	 	10
1218 - 1764	 	 	16
847 - 1765	 	 	8
2685 - 1766	 	 	12
1382 - 1767	 	 	18
4548 - 1768	 	 	7
2621 - 1769	 	 	26
4578 - 1770	 	 	20
2729 - 1771	 	 	26
2015 - 1772	 	 	18
2639 - 1773	 	 	18
3194 - 1774	 	 	28
1873 - 1775	 	 	16
4231 - 1776	 	 	10
3462 - 1777	 	 	12
1873 - 1778	 	 	24
1839 - 1779	 	 	5
3764 - 1780	 	 	23
3536 - 1781	 	 	16
2867 - 1782	 	 	17
3826 - 1783	 	 	25
1374 - 1784	 	 	12
2295 - 1785	 	 	25
3852 - 1786	 	 	20
267 - 1787	 	 	2
4940 - 1788	 	 	28
3305 - 1789	 	 	17
4978 - 1790	 	 	12
4068 - 1791	 	 	15
1316 - 1792	 	 	1
4000 - 1793	 	 	46
3838 - 1794	 	 	36
1169 - 1795	 	 	14
2294 - 1796	 	 	15
4369 - 1797	 	 	7
1539 - 1798	 	 	17
4901 - 1799	 	 	15
266 - 1800	 	 	9
3819 - 1801	 	 	31
4827 - 1802	 	 	22
1155 - 1803	 	 	2
1583 - 1804	 	 	3
1588 - 1805	 	 	21
1438 - 1806	 	 	15
4504 - 1807	 	 	12
4111 - 1808	 	 	8
2288 - 1809	 	 	17
3014 - 1810	 	 	2
1687 - 1811	 	 	6
2407 - 1812	 	 	16
90 - 1813	 	 	18
3144 - 1814	 	 	13
3368 - 1815	 	 	12
3071 - 1816	 	 	7
4363 - 1817	 	 	8
4049 - 1818	 	 	15
4980 - 1819	 	 	16
4628 - 1820	 	 	11
4938 - 1821	 	 	5
1178 - 1822	 	 	16
2555 - 1823	 	 	14
2643 - 1824	 	 	9
3655 - 1825	 	 	13
3819 - 1826	 	 	7
1736 - 1827	 	 	27
4494 - 1828	 	 	13
2353 - 1829	 	 	26
1331 - 1830	 	 	15
4499 - 1831	 	 	21
1149 - 1832	 	 	16
2509 - 1833	 	 	16
1554 - 1834	 	 	15
3124 - 1835	 	 	2
588 - 1836	 	 	14
2370 - 1837	 	 	14
786 - 1838	 	 	15
3529 - 1839	 	 	14
2089 - 1840	 	 	12
2098 - 1841	 	 	18
3780 - 1842	 	 	19
4718 - 1843	 	 	12
2469 - 1844	 	 	16
3131 - 1845	 	 	29
318 - 1846	 	 	5
2177 - 1847	 	 	5
2015 - 1848	 	 	20
817 - 1849	 	 	4
3426 - 1850	 	 	21
2153 - 1851	 	 	1
3907 - 1852	 	 	15
640 - 1853	 	 	6
2087 - 1854	 	 	1
3765 - 1855	 	 	26
3828 - 1856	 	 	5
997 - 1857	 	 	28
3900 - 1858	 	 	13
3962 - 1859	 	 	9
1016 - 1860	 	 	16
1233 - 1861	 	 	21
4577 - 1862	 	 	27
4912 - 1863	 	 	16
3481 - 1864	 	 	6
2176 - 1865	 	 	23
1715 - 1866	 	 	7
3274 - 1867	 	 	18
39 - 1868	 	 	27
3207 - 1869	 	 	65
2796 - 1870	 	 	12
2368 - 1871	 	 	5
3842 - 1872	 	 	10
2508 - 1873	 	 	10
746 - 1874	 	 	15
1987 - 1875	 	 	15
653 - 1876	 	 	4
2246 - 1877	 	 	10
691 - 1878	 	 	3
1992 - 1879	 	 	14
3838 - 1880	 	 	4
2469 - 1881	 	 	21
4569 - 1882	 	 	1
3065 - 1883	 	 	15
3216 - 1884	 	 	27
3476 - 1885	 	 	40
2923 - 1886	 	 	1
816 - 1887	 	 	13
1735 - 1888	 	 	15
2782 - 1889	 	 	12
1044 - 1890	 	 	33
185 - 1891	 	 	10
4140 - 1892	 	 	24
1632 - 1893	 	 	38
853 - 1894	 	 	22
30 - 1895	 	 	35
4466 - 1896	 	 	48
2367 - 1897	 	 	23
1261 - 1898	 	 	8
4022 - 1899	 	 	25
1798 - 1900	 	 	34
2629 - 1901	 	 	39
3456 - 1902	 	 	14
494 - 1903	 	 	15
3212 - 1904	 	 	17
1086 - 1905	 	 	21
163 - 1906	 	 	34
1902 - 1907	 	 	26
4861 - 1908	 	 	11
1588 - 1909	 	 	3
3841 - 1910	 	 	32
760 - 1911	 	 	7
4364 - 1912	 	 	18
465 - 1913	 	 	12
1045 - 1914	 	 	15
2577 - 1915	 	 	30
3293 - 1916	 	 	21
80 - 1917	 	 	23
393 - 1918	 	 	26
2360 - 1919	 	 	14
1902 - 1920	 	 	6
4586 - 1921	 	 	33
2351 - 1922	 	 	23
2106 - 1923	 	 	48
4464 - 1924	 	 	13
1852 - 1925	 	 	57
608 - 1926	 	 	12
3078 - 1927	 	 	23
578 - 1928	 	 	9
95 - 1929	 	 	10
3861 - 1930	 	 	16
769 - 1931	 	 	9
2058 - 1932	 	 	11
1043 - 1933	 	 	21
3305 - 1934	 	 	6
380 - 1935	 	 	19
2521 - 1936	 	 	38
216 - 1937	 	 	20
4241 - 1938	 	 	18
105 - 1939	 	 	5
2379 - 1940	 	 	63
779 - 1941	 	 	39
2049 - 1942	 	 	8
376 - 1943	 	 	12
4392 - 1944	 	 	56
3332 - 1945	 	 	11
1332 - 1946	 	 	10
563 - 1947	 	 	9
1243 - 1948	 	 	5
4755 - 1949	 	 	4
3966 - 1950	 	 	12
2183 - 1951	 	 	24
2660 - 1952	 	 	22
4631 - 1953	 	 	3
788 - 1954	 	 	12
1379 - 1955	 	 	22
2769 - 1956	 	 	10
3330 - 1957	 	 	20
780 - 1958	 	 	13
2617 - 1959	 	 	18
519 - 1960	 	 	14
2352 - 1961	 	 	26
128 - 1962	 	 	20
2467 - 1963	 	 	15
455 - 1964	 	 	2
280 - 1965	 	 	21
4672 - 1966	 	 	3
2761 - 1967	 	 	32
2838 - 1968	 	 	12
3217 - 1969	 	 	29
3955 - 1970	 	 	10
2089 - 1971	 	 	19
4330 - 1972	 	 	19
970 - 1973	 	 	2
2873 - 1974	 	 	4
2204 - 1975	 	 	18
2438 - 1976	 	 	2
3604 - 1977	 	 	10
4448 - 1978	 	 	2
4325 - 1979	 	 	2
4162 - 1980	 	 	19
3480 - 1981	 	 	12
3915 - 1982	 	 	8
2295 - 1983	 	 	16
2760 - 1984	 	 	10
3429 - 1985	 	 	3
3555 - 1986	 	 	1
111 - 1987	 	 	7
3993 - 1988	 	 	19
4241 - 1989	 	 	1
4580 - 1990	 	 	9
2225 - 1991	 	 	8
3238 - 1992	 	 	6
2539 - 1993	 	 	15
2320 - 1994	 	 	43
2835 - 1995	 	 	28
4505 - 1996	 	 	2
1723 - 1997	 	 	2
4488 - 1998	 	 	7
1284 - 1999	 	 	16
3122 - 2000	 	 	2
1418 - 2001	 	 	11
3275 - 2002	 	 	10
4664 - 2003	 	 	28
3274 - 2004	 	 	34
3143 - 2005	 	 	9
2658 - 2006	 	 	74
4758 - 2007	 	 	35
2825 - 2008	 	 	27
1646 - 2009	 	 	35
3378 - 2010	 	 	11
3932 - 2011	 	 	9
2493 - 2012	 	 	21
2971 - 2013	 	 	21
1386 - 2014	 	 	20
3388 - 2015	 	 	6
3229 - 2016	 	 	11
1218 - 2017	 	 	19
453 - 2018	 	 	18
255 - 2019	 	 	18
4013 - 2020	 	 	22
1046 - 2021	 	 	12
1470 - 2022	 	 	4
3953 - 2023	 	 	7
1646 - 2024	 	 	9
1247 - 2025	 	 	22
2455 - 2026	 	 	18
1072 - 2027	 	 	25
1482 - 2028	 	 	9
1332 - 2029	 	 	13
4501 - 2030	 	 	5
1019 - 2031	 	 	19
3680 - 2032	 	 	3
210 - 2033	 	 	26
60 - 2034	 	 	52
4600 - 2035	 	 	15
3702 - 2036	 	 	2
4291 - 2037	 	 	11
1505 - 2038	 	 	27
2920 - 2039	 	 	24
1432 - 2040	 	 	9
3186 - 2041	 	 	3
4086 - 2042	 	 	17
456 - 2043	 	 	9
4345 - 2044	 	 	74
1353 - 2045	 	 	21
4501 - 2046	 	 	3
1716 - 2047	 	 	2
475 - 2048	 	 	3
4298 - 2049	 	 	3
4775 - 2050	 	 	7
1056 - 2051	 	 	53
2548 - 2052	 	 	1
537 - 2053	 	 	17
3805 - 2054	 	 	14
1849 - 2055	 	 	7
1750 - 2056	 	 	10
4190 - 2057	 	 	26
579 - 2058	 	 	6
4777 - 2059	 	 	3
4121 - 2060	 	 	2
3067 - 2061	 	 	1
647 - 2062	 	 	12
4775 - 2063	 	 	8
100 - 2064	 	 	18
4759 - 2065	 	 	26
3150 - 2066	 	 	25
3394 - 2067	 	 	12
2138 - 2068	 	 	13
972 - 2069	 	 	1
868 - 2070	 	 	9
2485 - 2071	 	 	4
3224 - 2072	 	 	20
2501 - 2073	 	 	18
4598 - 2074	 	 	8
1121 - 2075	 	 	27
1159 - 2076	 	 	34
4741 - 2077	 	 	17
1946 - 2078	 	 	16
1063 - 2079	 	 	27
1865 - 2080	 	 	8
4698 - 2081	 	 	20
4545 - 2082	 	 	11
1260 - 2083	 	 	5
1639 - 2084	 	 	5
2691 - 2085	 	 	21
2587 - 2086	 	 	1
1438 - 2087	 	 	10
1931 - 2088	 	 	14
3160 - 2089	 	 	3
4464 - 2090	 	 	6
3335 - 2091	 	 	2
4374 - 2092	 	 	37
574 - 2093	 	 	9
1650 - 2094	 	 	13
4619 - 2095	 	 	17
3212 - 2096	 	 	7
2080 - 2097	 	 	22
1417 - 2098	 	 	1
996 - 2099	 	 	8
3623 - 2100	 	 	9
473 - 2101	 	 	23
3428 - 2102	 	 	2
56 - 2103	 	 	21
4788 - 2104	 	 	26
2111 - 2105	 	 	17
2627 - 2106	 	 	8
1276 - 2107	 	 	17
1564 - 2108	 	 	12
2889 - 2109	 	 	4
4506 - 2110	 	 	6
3738 - 2111	 	 	12
2094 - 2112	 	 	12
3451 - 2113	 	 	5
3550 - 2114	 	 	11
2963 - 2115	 	 	8
2451 - 2116	 	 	1
4252 - 2117	 	 	17
929 - 2118	 	 	16
1813 - 2119	 	 	7
3850 - 2120	 	 	39
2132 - 2121	 	 	5
3750 - 2122	 	 	21
606 - 2123	 	 	20
280 - 2124	 	 	18
3532 - 2125	 	 	49
1881 - 2126	 	 	13
1183 - 2127	 	 	43
1503 - 2128	 	 	42
3565 - 2129	 	 	23
4708 - 2130	 	 	23
1135 - 2131	 	 	3
1351 - 2132	 	 	2
3290 - 2133	 	 	4
566 - 2134	 	 	19
1438 - 2135	 	 	4
4394 - 2136	 	 	2
1239 - 2137	 	 	16
2619 - 2138	 	 	16
1212 - 2139	 	 	21
128 - 2140	 	 	31
640 - 2141	 	 	3
1635 - 2142	 	 	13
4996 - 2143	 	 	10
3603 - 2144	 	 	10
3282 - 2145	 	 	21
4671 - 2146	 	 	67
621 - 2147	 	 	11
651 - 2148	 	 	5
2731 - 2149	 	 	11
3930 - 2150	 	 	21
4434 - 2151	 	 	33
3491 - 2152	 	 	12
4554 - 2153	 	 	32
2995 - 2154	 	 	10
2655 - 2155	 	 	2
2231 - 2156	 	 	15
1623 - 2157	 	 	17
3936 - 2158	 	 	83
4319 - 2159	 	 	28
4538 - 2160	 	 	23
3704 - 2161	 	 	15
1535 - 2162	 	 	13
3332 - 2163	 	 	10
1248 - 2164	 	 	42
4826 - 2165	 	 	5
297 - 2166	 	 	18
4671 - 2167	 	 	19
3254 - 2168	 	 	6
2137 - 2169	 	 	23
3182 - 2170	 	 	38
1719 - 2171	 	 	20
1178 - 2172	 	 	58
3549 - 2173	 	 	9
4135 - 2174	 	 	17
4792 - 2175	 	 	41
2988 - 2176	 	 	3
564 - 2177	 	 	12
1937 - 2178	 	 	5
7 - 2179	 	 	8
2618 - 2180	 	 	14
395 - 2181	 	 	78
2464 - 2182	 	 	21
4223 - 2183	 	 	21
1635 - 2184	 	 	14
762 - 2185	 	 	56
4353 - 2186	 	 	11
4466 - 2187	 	 	12
64 - 2188	 	 	8
1590 - 2189	 	 	19
107 - 2190	 	 	3
4659 - 2191	 	 	3
1303 - 2192	 	 	30
1804 - 2193	 	 	10
1121 - 2194	 	 	28
2953 - 2195	 	 	30
498 - 2196	 	 	14
3817 - 2197	 	 	1
3792 - 2198	 	 	28
3234 - 2199	 	 	45
1466 - 2200	 	 	47
409 - 2201	 	 	1
207 - 2202	 	 	16
1792 - 2203	 	 	12
2549 - 2204	 	 	12
99 - 2205	 	 	7
2262 - 2206	 	 	7
103 - 2207	 	 	1
627 - 2208	 	 	7
266 - 2209	 	 	5
3156 - 2210	 	 	31
2417 - 2211	 	 	6
4531 - 2212	 	 	2
189 - 2213	 	 	3
1052 - 2214	 	 	6
676 - 2215	 	 	12
1308 - 2216	 	 	7
2469 - 2217	 	 	8
1916 - 2218	 	 	26
2043 - 2219	 	 	10
3584 - 2220	 	 	11
3468 - 2221	 	 	46
4308 - 2222	 	 	15
3028 - 2223	 	 	27
3953 - 2224	 	 	4
4007 - 2225	 	 	2
1886 - 2226	 	 	22
3023 - 2227	 	 	20
1569 - 2228	 	 	20
2844 - 2229	 	 	21
447 - 2230	 	 	32
2047 - 2231	 	 	2
2289 - 2232	 	 	29
1613 - 2233	 	 	22
3812 - 2234	 	 	34
1394 - 2235	 	 	3
1238 - 2236	 	 	17
1810 - 2237	 	 	13
2609 - 2238	 	 	24
2134 - 2239	 	 	9
4708 - 2240	 	 	5
423 - 2241	 	 	24
866 - 2242	 	 	10
362 - 2243	 	 	16
3600 - 2244	 	 	113
701 - 2245	 	 	13
4407 - 2246	 	 	12
1949 - 2247	 	 	25
565 - 2248	 	 	6
1171 - 2249	 	 	27
2863 - 2250	 	 	12
517 - 2251	 	 	2
2196 - 2252	 	 	5
1290 - 2253	 	 	8
1311 - 2254	 	 	11
991 - 2255	 	 	20
2186 - 2256	 	 	20
1295 - 2257	 	 	3
318 - 2258	 	 	7
766 - 2259	 	 	7
307 - 2260	 	 	44
3890 - 2261	 	 	4
737 - 2262	 	 	6
2816 - 2263	 	 	3
3941 - 2264	 	 	18
2148 - 2265	 	 	49
2856 - 2266	 	 	29
2612 - 2267	 	 	36
4663 - 2268	 	 	22
3843 - 2269	 	 	19
4843 - 2270	 	 	30
1494 - 2271	 	 	18
2443 - 2272	 	 	22
196 - 2273	 	 	23
4321 - 2274	 	 	10
4125 - 2275	 	 	27
3910 - 2276	 	 	7
3512 - 2277	 	 	14
830 - 2278	 	 	26
3579 - 2279	 	 	9
2648 - 2280	 	 	15
3296 - 2281	 	 	13
3578 - 2282	 	 	6
1224 - 2283	 	 	17
4767 - 2284	 	 	8
959 - 2285	 	 	30
101 - 2286	 	 	8
3204 - 2287	 	 	10
1041 - 2288	 	 	3
944 - 2289	 	 	13
3767 - 2290	 	 	4
3419 - 2291	 	 	13
2670 - 2292	 	 	13
656 - 2293	 	 	17
4799 - 2294	 	 	10
2261 - 2295	 	 	17
3329 - 2296	 	 	15
4651 - 2297	 	 	10
1849 - 2298	 	 	5
318 - 2299	 	 	21
4971 - 2300	 	 	3
3739 - 2301	 	 	24
1444 - 2302	 	 	3
691 - 2303	 	 	61
2558 - 2304	 	 	22
4265 - 2305	 	 	6
3739 - 2306	 	 	10
3867 - 2307	 	 	7
244 - 2308	 	 	14
2749 - 2309	 	 	18
2228 - 2310	 	 	6
681 - 2311	 	 	27
1473 - 2312	 	 	3
3572 - 2313	 	 	9
3563 - 2314	 	 	7
2693 - 2315	 	 	4
2944 - 2316	 	 	1
4238 - 2317	 	 	34
4248 - 2318	 	 	12
1369 - 2319	 	 	8
4064 - 2320	 	 	22
2161 - 2321	 	 	32
2665 - 2322	 	 	18
4244 - 2323	 	 	3
3413 - 2324	 	 	27
1835 - 2325	 	 	10
583 - 2326	 	 	19
484 - 2327	 	 	27
3068 - 2328	 	 	16
1917 - 2329	 	 	43
3058 - 2330	 	 	2
4791 - 2331	 	 	18
3232 - 2332	 	 	3
4280 - 2333	 	 	29
4652 - 2334	 	 	13
242 - 2335	 	 	7
4314 - 2336	 	 	20
4673 - 2337	 	 	45
3241 - 2338	 	 	22
1317 - 2339	 	 	3
4815 - 2340	 	 	4
3255 - 2341	 	 	3
2548 - 2342	 	 	23
319 - 2343	 	 	12
4091 - 2344	 	 	29
2380 - 2345	 	 	14
997 - 2346	 	 	12
2472 - 2347	 	 	36
1383 - 2348	 	 	3
601 - 2349	 	 	13
2977 - 2350	 	 	52
864 - 2351	 	 	10
36 - 2352	 	 	13
3534 - 2353	 	 	3
3450 - 2354	 	 	21
2525 - 2355	 	 	17
4057 - 2356	 	 	9
1481 - 2357	 	 	10
1811 - 2358	 	 	8
2444 - 2359	 	 	7
1304 - 2360	 	 	16
716 - 2361	 	 	4
4137 - 2362	 	 	14
2032 - 2363	 	 	4
3149 - 2364	 	 	1
2328 - 2365	 	 	18
4184 - 2366	 	 	7
1430 - 2367	 	 	25
2399 - 2368	 	 	1
2970 - 2369	 	 	18
3639 - 2370	 	 	4
601 - 2371	 	 	24
3986 - 2372	 	 	9
4314 - 2373	 	 	9
2676 - 2374	 	 	19
1248 - 2375	 	 	23
2848 - 2376	 	 	15
2318 - 2377	 	 	9
2820 - 2378	 	 	2
4435 - 2379	 	 	23
4807 - 2380	 	 	5
1776 - 2381	 	 	10
4515 - 2382	 	 	36
187 - 2383	 	 	7
64 - 2384	 	 	3
4610 - 2385	 	 	25
4444 - 2386	 	 	29
57 - 2387	 	 	8
1464 - 2388	 	 	102
252 - 2389	 	 	30
2530 - 2390	 	 	27
974 - 2391	 	 	45
3363 - 2392	 	 	4
950 - 2393	 	 	9
4083 - 2394	 	 	3
4111 - 2395	 	 	13
2361 - 2396	 	 	1
2626 - 2397	 	 	22
1920 - 2398	 	 	9
1592 - 2399	 	 	8
3645 - 2400	 	 	16
3570 - 2401	 	 	4
272 - 2402	 	 	22
1294 - 2403	 	 	17
555 - 2404	 	 	32
3816 - 2405	 	 	6
420 - 2406	 	 	13
4578 - 2407	 	 	4
355 - 2408	 	 	10
1406 - 2409	 	 	18
717 - 2410	 	 	12
3828 - 2411	 	 	1
2608 - 2412	 	 	13
2873 - 2413	 	 	19
2591 - 2414	 	 	8
940 - 2415	 	 	3
4651 - 2416	 	 	9
979 - 2417	 	 	18
4412 - 2418	 	 	3
2320 - 2419	 	 	20
4352 - 2420	 	 	31
938 - 2421	 	 	26
4758 - 2422	 	 	13
2869 - 2423	 	 	6
2555 - 2424	 	 	11
1350 - 2425	 	 	13
2712 - 2426	 	 	17
1318 - 2427	 	 	11
202 - 2428	 	 	13
855 - 2429	 	 	17
3587 - 2430	 	 	13
2648 - 2431	 	 	25
622 - 2432	 	 	7
3396 - 2433	 	 	20
2184 - 2434	 	 	30
2945 - 2435	 	 	10
3564 - 2436	 	 	37
396 - 2437	 	 	35
3651 - 2438	 	 	3
1187 - 2439	 	 	24
649 - 2440	 	 	20
715 - 2441	 	 	24
1093 - 2442	 	 	18
3844 - 2443	 	 	11
1678 - 2444	 	 	1
519 - 2445	 	 	18
3546 - 2446	 	 	20
2368 - 2447	 	 	17
346 - 2448	 	 	67
4270 - 2449	 	 	15
710 - 2450	 	 	28
4722 - 2451	 	 	1
2161 - 2452	 	 	13
4425 - 2453	 	 	2
363 - 2454	 	 	2
3877 - 2455	 	 	9
2283 - 2456	 	 	8
2541 - 2457	 	 	14
482 - 2458	 	 	2
551 - 2459	 	 	19
4121 - 2460	 	 	16
3753 - 2461	 	 	12
323 - 2462	 	 	27
2691 - 2463	 	 	8
2530 - 2464	 	 	21
4115 - 2465	 	 	3
4443 - 2466	 	 	3
3462 - 2467	 	 	8
1475 - 2468	 	 	1
4973 - 2469	 	 	15
4593 - 2470	 	 	12
3378 - 2471	 	 	10
4945 - 2472	 	 	14
1654 - 2473	 	 	13
3607 - 2474	 	 	18
1069 - 2475	 	 	8
3959 - 2476	 	 	12
1815 - 2477	 	 	2
3763 - 2478	 	 	36
730 - 2479	 	 	5
3932 - 2480	 	 	4
2483 - 2481	 	 	22
1806 - 2482	 	 	16
125 - 2483	 	 	13
3989 - 2484	 	 	15
2875 - 2485	 	 	9
1939 - 2486	 	 	7
1796 - 2487	 	 	17
226 - 2488	 	 	1
1748 - 2489	 	 	16
2359 - 2490	 	 	11
4049 - 2491	 	 	8
3706 - 2492	 	 	16
63 - 2493	 	 	8
4874 - 2494	 	 	19
4856 - 2495	 	 	28
4858 - 2496	 	 	2
1928 - 2497	 	 	7
2847 - 2498	 	 	10
4977 - 2499	 	 	2
2832 - 2500	 	 	2
2208 - 2501	 	 	5
3996 - 2502	 	 	13
3727 - 2503	 	 	4
1457 - 2504	 	 	19
175 - 2505	 	 	10
204 - 2506	 	 	24
4157 - 2507	 	 	16
1874 - 2508	 	 	9
3398 - 2509	 	 	15
1934 - 2510	 	 	12
2510 - 2511	 	 	14
404 - 2512	 	 	17
1112 - 2513	 	 	12
2910 - 2514	 	 	1
2471 - 2515	 	 	34
3110 - 2516	 	 	13
3049 - 2517	 	 	17
4676 - 2518	 	 	38
1846 - 2519	 	 	11
3724 - 2520	 	 	54
4258 - 2521	 	 	12
4732 - 2522	 	 	29
1228 - 2523	 	 	7
4600 - 2524	 	 	1
905 - 2525	 	 	23
3433 - 2526	 	 	22
3487 - 2527	 	 	6
4561 - 2528	 	 	8
4686 - 2529	 	 	7
845 - 2530	 	 	18
1474 - 2531	 	 	33
540 - 2532	 	 	11
2348 - 2533	 	 	17
894 - 2534	 	 	3
3076 - 2535	 	 	25
2348 - 2536	 	 	2
4867 - 2537	 	 	34
4128 - 2538	 	 	16
1759 - 2539	 	 	13
1764 - 2540	 	 	33
544 - 2541	 	 	8
3254 - 2542	 	 	23
4236 - 2543	 	 	37
3630 - 2544	 	 	2
481 - 2545	 	 	9
2892 - 2546	 	 	3
970 - 2547	 	 	19
1646 - 2548	 	 	1
1311 - 2549	 	 	1
967 - 2550	 	 	17
3702 - 2551	 	 	19
4384 - 2552	 	 	4
4563 - 2553	 	 	22
4561 - 2554	 	 	10
1488 - 2555	 	 	14
190 - 2556	 	 	28
1865 - 2557	 	 	34
1555 - 2558	 	 	17
3088 - 2559	 	 	6
4963 - 2560	 	 	27
3089 - 2561	 	 	33
1745 - 2562	 	 	7
2224 - 2563	 	 	1
4913 - 2564	 	 	19
2822 - 2565	 	 	49
1338 - 2566	 	 	73
3897 - 2567	 	 	28
1024 - 2568	 	 	4
3014 - 2569	 	 	23
211 - 2570	 	 	14
3544 - 2571	 	 	16
431 - 2572	 	 	6
64 - 2573	 	 	2
548 - 2574	 	 	22
4183 - 2575	 	 	6
233 - 2576	 	 	10
2755 - 2577	 	 	10
343 - 2578	 	 	15
4951 - 2579	 	 	1
3311 - 2580	 	 	10
1747 - 2581	 	 	24
126 - 2582	 	 	29
3229 - 2583	 	 	21
4106 - 2584	 	 	40
4021 - 2585	 	 	9
4952 - 2586	 	 	18
2020 - 2587	 	 	13
4402 - 2588	 	 	6
651 - 2589	 	 	23
1796 - 2590	 	 	22
879 - 2591	 	 	3
4865 - 2592	 	 	10
2782 - 2593	 	 	11
1058 - 2594	 	 	26
2729 - 2595	 	 	3
1124 - 2596	 	 	12
3965 - 2597	 	 	5
2431 - 2598	 	 	3
4723 - 2599	 	 	23
651 - 2600	 	 	16
800 - 2601	 	 	44
2689 - 2602	 	 	10
3297 - 2603	 	 	12
2477 - 2604	 	 	53
1271 - 2605	 	 	16
836 - 2606	 	 	8
744 - 2607	 	 	13
4714 - 2608	 	 	14
2435 - 2609	 	 	6
4669 - 2610	 	 	4
526 - 2611	 	 	14
3311 - 2612	 	 	31
3236 - 2613	 	 	20
1100 - 2614	 	 	19
450 - 2615	 	 	13
2283 - 2616	 	 	19
2392 - 2617	 	 	31
2246 - 2618	 	 	15
3769 - 2619	 	 	20
2562 - 2620	 	 	20
3487 - 2621	 	 	13
740 - 2622	 	 	39
2027 - 2623	 	 	4
4399 - 2624	 	 	16
3262 - 2625	 	 	7
288 - 2626	 	 	15
215 - 2627	 	 	8
1179 - 2628	 	 	23
893 - 2629	 	 	15
1553 - 2630	 	 	11
2473 - 2631	 	 	5
1210 - 2632	 	 	1
1642 - 2633	 	 	2
1568 - 2634	 	 	43
836 - 2635	 	 	16
817 - 2636	 	 	18
2712 - 2637	 	 	8
2476 - 2638	 	 	8
423 - 2639	 	 	15
179 - 2640	 	 	27
4198 - 2641	 	 	17
3941 - 2642	 	 	1
4800 - 2643	 	 	1
4317 - 2644	 	 	19
2659 - 2645	 	 	9
4421 - 2646	 	 	27
3435 - 2647	 	 	1
1403 - 2648	 	 	8
738 - 2649	 	 	4
4145 - 2650	 	 	38
3082 - 2651	 	 	54
4261 - 2652	 	 	5
147 - 2653	 	 	2
836 - 2654	 	 	19
3583 - 2655	 	 	15
2757 - 2656	 	 	12
2411 - 2657	 	 	20
363 - 2658	 	 	16
2952 - 2659	 	 	11
2018 - 2660	 	 	25
2528 - 2661	 	 	21
805 - 2662	 	 	23
3283 - 2663	 	 	9
2340 - 2664	 	 	1
335 - 2665	 	 	2
1812 - 2666	 	 	9
4175 - 2667	 	 	25
3465 - 2668	 	 	50
4112 - 2669	 	 	23
4068 - 2670	 	 	9
2695 - 2671	 	 	4
4577 - 2672	 	 	14
2555 - 2673	 	 	6
3999 - 2674	 	 	3
2775 - 2675	 	 	26
679 - 2676	 	 	19
1229 - 2677	 	 	9
1315 - 2678	 	 	18
3926 - 2679	 	 	17
978 - 2680	 	 	33
2416 - 2681	 	 	16
901 - 2682	 	 	26
2789 - 2683	 	 	65
4521 - 2684	 	 	32
2555 - 2685	 	 	16
902 - 2686	 	 	18
4289 - 2687	 	 	27
1166 - 2688	 	 	13
1723 - 2689	 	 	5
2715 - 2690	 	 	16
1258 - 2691	 	 	10
1825 - 2692	 	 	2
2743 - 2693	 	 	3
3052 - 2694	 	 	9
3020 - 2695	 	 	4
2560 - 2696	 	 	39
5 - 2697	 	 	11
1136 - 2698	 	 	3
7 - 2699	 	 	5
2432 - 2700	 	 	47
788 - 2701	 	 	36
63 - 2702	 	 	15
3003 - 2703	 	 	13
260 - 2704	 	 	21
4698 - 2705	 	 	36
3795 - 2706	 	 	14
4899 - 2707	 	 	20
3390 - 2708	 	 	12
4089 - 2709	 	 	16
3278 - 2710	 	 	9
1584 - 2711	 	 	12
862 - 2712	 	 	3
3786 - 2713	 	 	15
2600 - 2714	 	 	23
3655 - 2715	 	 	34
1931 - 2716	 	 	12
297 - 2717	 	 	19
2177 - 2718	 	 	10
2845 - 2719	 	 	27
3912 - 2720	 	 	5
691 - 2721	 	 	13
189 - 2722	 	 	14
4983 - 2723	 	 	28
379 - 2724	 	 	13
2204 - 2725	 	 	11
2599 - 2726	 	 	24
1026 - 2727	 	 	2
1103 - 2728	 	 	9
3311 - 2729	 	 	2
87 - 2730	 	 	18
4799 - 2731	 	 	8
924 - 2732	 	 	33
53 - 2733	 	 	23
472 - 2734	 	 	12
1116 - 2735	 	 	4
495 - 2736	 	 	19
70 - 2737	 	 	12
1929 - 2738	 	 	38
3396 - 2739	 	 	18
2271 - 2740	 	 	29
2143 - 2741	 	 	16
3543 - 2742	 	 	20
1400 - 2743	 	 	16
3372 - 2744	 	 	28
4901 - 2745	 	 	18
4827 - 2746	 	 	18
4982 - 2747	 	 	8
2675 - 2748	 	 	50
1888 - 2749	 	 	4
2418 - 2750	 	 	16
2235 - 2751	 	 	6
2359 - 2752	 	 	13
2854 - 2753	 	 	5
1237 - 2754	 	 	14
4332 - 2755	 	 	20
4399 - 2756	 	 	19
2442 - 2757	 	 	1
411 - 2758	 	 	17
2080 - 2759	 	 	29
3623 - 2760	 	 	11
4327 - 2761	 	 	13
3718 - 2762	 	 	20
1230 - 2763	 	 	24
3760 - 2764	 	 	22
3665 - 2765	 	 	1
574 - 2766	 	 	2
656 - 2767	 	 	15
2932 - 2768	 	 	9
3608 - 2769	 	 	11
551 - 2770	 	 	11
4581 - 2771	 	 	30
1312 - 2772	 	 	11
4320 - 2773	 	 	24
2235 - 2774	 	 	18
4598 - 2775	 	 	10
2224 - 2776	 	 	17
3616 - 2777	 	 	3
922 - 2778	 	 	22
891 - 2779	 	 	4
3613 - 2780	 	 	21
2864 - 2781	 	 	13
2283 - 2782	 	 	9
884 - 2783	 	 	3
4135 - 2784	 	 	5
411 - 2785	 	 	22
2823 - 2786	 	 	11
1434 - 2787	 	 	4
2852 - 2788	 	 	10
1342 - 2789	 	 	12
2271 - 2790	 	 	22
4396 - 2791	 	 	20
4156 - 2792	 	 	14
1407 - 2793	 	 	7
4404 - 2794	 	 	4
3583 - 2795	 	 	1
1688 - 2796	 	 	17
2208 - 2797	 	 	6
649 - 2798	 	 	9
2627 - 2799	 	 	42
2243 - 2800	 	 	6
4769 - 2801	 	 	2
3477 - 2802	 	 	45
106 - 2803	 	 	5
3077 - 2804	 	 	14
2900 - 2805	 	 	7
2717 - 2806	 	 	16
1662 - 2807	 	 	1
2028 - 2808	 	 	21
32 - 2809	 	 	15
2112 - 2810	 	 	20
3044 - 2811	 	 	7
2299 - 2812	 	 	9
534 - 2813	 	 	32
2312 - 2814	 	 	13
3378 - 2815	 	 	26
2686 - 2816	 	 	3
1644 - 2817	 	 	4
1875 - 2818	 	 	15
1982 - 2819	 	 	1
2393 - 2820	 	 	2
2366 - 2821	 	 	12
3182 - 2822	 	 	65
2307 - 2823	 	 	31
3649 - 2824	 	 	16
4784 - 2825	 	 	15
3768 - 2826	 	 	16
1825 - 2827	 	 	14
1219 - 2828	 	 	14
4491 - 2829	 	 	9
3923 - 2830	 	 	25
1937 - 2831	 	 	29
984 - 2832	 	 	14
2806 - 2833	 	 	15
3771 - 2834	 	 	20
2859 - 2835	 	 	22
3696 - 2836	 	 	22
25 - 2837	 	 	27
2176 - 2838	 	 	6
617 - 2839	 	 	25
949 - 2840	 	 	3
4374 - 2841	 	 	19
2632 - 2842	 	 	18
4227 - 2843	 	 	10
2479 - 2844	 	 	5
1118 - 2845	 	 	29
1045 - 2846	 	 	4
538 - 2847	 	 	11
3026 - 2848	 	 	11
3238 - 2849	 	 	7
1756 - 2850	 	 	23
3088 - 2851	 	 	4
2743 - 2852	 	 	16
2841 - 2853	 	 	10
1205 - 2854	 	 	19
455 - 2855	 	 	13
2170 - 2856	 	 	3
1626 - 2857	 	 	33
4176 - 2858	 	 	6
2991 - 2859	 	 	29
3660 - 2860	 	 	9
2860 - 2861	 	 	2
4470 - 2862	 	 	27
1374 - 2863	 	 	31
836 - 2864	 	 	2
2167 - 2865	 	 	14
2442 - 2866	 	 	4
4071 - 2867	 	 	12
1563 - 2868	 	 	10
1884 - 2869	 	 	21
3762 - 2870	 	 	47
2209 - 2871	 	 	35
2588 - 2872	 	 	3
2428 - 2873	 	 	15
2886 - 2874	 	 	22
3806 - 2875	 	 	11
538 - 2876	 	 	15
2408 - 2877	 	 	11
2193 - 2878	 	 	10
2588 - 2879	 	 	14
4816 - 2880	 	 	4
1008 - 2881	 	 	16
3829 - 2882	 	 	16
304 - 2883	 	 	23
345 - 2884	 	 	26
269 - 2885	 	 	13
3525 - 2886	 	 	15
2989 - 2887	 	 	12
4691 - 2888	 	 	38
2787 - 2889	 	 	6
278 - 2890	 	 	22
4949 - 2891	 	 	9
3027 - 2892	 	 	16
1235 - 2893	 	 	12
2625 - 2894	 	 	14
4848 - 2895	 	 	24
4233 - 2896	 	 	20
3680 - 2897	 	 	12
4649 - 2898	 	 	23
3056 - 2899	 	 	55
121 - 2900	 	 	8
879 - 2901	 	 	55
3497 - 2902	 	 	16
3620 - 2903	 	 	58
4840 - 2904	 	 	28
1075 - 2905	 	 	3
1117 - 2906	 	 	21
3023 - 2907	 	 	16
2658 - 2908	 	 	17
1954 - 2909	 	 	68
3187 - 2910	 	 	4
4282 - 2911	 	 	3
2812 - 2912	 	 	31
3339 - 2913	 	 	24
507 - 2914	 	 	9
4163 - 2915	 	 	13
744 - 2916	 	 	11
2135 - 2917	 	 	12
4363 - 2918	 	 	33
2587 - 2919	 	 	14
4366 - 2920	 	 	22
4509 - 2921	 	 	25
3924 - 2922	 	 	14
3769 - 2923	 	 	4
3414 - 2924	 	 	17
164 - 2925	 	 	26
4271 - 2926	 	 	12
4956 - 2927	 	 	23
4889 - 2928	 	 	32
3146 - 2929	 	 	21
399 - 2930	 	 	22
3017 - 2931	 	 	1
4172 - 2932	 	 	8
2861 - 2933	 	 	22
4932 - 2934	 	 	12
100 - 2935	 	 	7
830 - 2936	 	 	6
1126 - 2937	 	 	4
845 - 2938	 	 	16
1987 - 2939	 	 	1
107 - 2940	 	 	4
4966 - 2941	 	 	17
139 - 2942	 	 	7
3014 - 2943	 	 	24
858 - 2944	 	 	22
4741 - 2945	 	 	10
4217 - 2946	 	 	12
761 - 2947	 	 	21
460 - 2948	 	 	7
13 - 2949	 	 	22
3683 - 2950	 	 	16
3193 - 2951	 	 	17
3149 - 2952	 	 	15
685 - 2953	 	 	21
2435 - 2954	 	 	9
983 - 2955	 	 	9
49 - 2956	 	 	7
502 - 2957	 	 	10
346 - 2958	 	 	30
1749 - 2959	 	 	4
3009 - 2960	 	 	43
2046 - 2961	 	 	28
3535 - 2962	 	 	3
824 - 2963	 	 	4
1034 - 2964	 	 	5
2938 - 2965	 	 	26
334 - 2966	 	 	54
2574 - 2967	 	 	19
1055 - 2968	 	 	17
2349 - 2969	 	 	17
2245 - 2970	 	 	11
754 - 2971	 	 	12
613 - 2972	 	 	2
1074 - 2973	 	 	25
3902 - 2974	 	 	30
4729 - 2975	 	 	44
1898 - 2976	 	 	6
1392 - 2977	 	 	2
4882 - 2978	 	 	18
554 - 2979	 	 	17
1211 - 2980	 	 	17
3769 - 2981	 	 	24
3565 - 2982	 	 	8
2309 - 2983	 	 	1
4115 - 2984	 	 	6
3577 - 2985	 	 	10
3011 - 2986	 	 	5
3639 - 2987	 	 	2
1336 - 2988	 	 	2
1846 - 2989	 	 	13
4910 - 2990	 	 	5
71 - 2991	 	 	3
1024 - 2992	 	 	38
2672 - 2993	 	 	39
2449 - 2994	 	 	18
2753 - 2995	 	 	16
4725 - 2996	 	 	68
1352 - 2997	 	 	16
2235 - 2998	 	 	4
1675 - 2999	 	 	34
3904 - 3000	 	 	27
4781 - 3001	 	 	3
3961 - 3002	 	 	14
1122 - 3003	 	 	4
2577 - 3004	 	 	4
4560 - 3005	 	 	19
4870 - 3006	 	 	7
3981 - 3007	 	 	14
2325 - 3008	 	 	15
4053 - 3009	 	 	20
534 - 3010	 	 	3
757 - 3011	 	 	7
3901 - 3012	 	 	11
3055 - 3013	 	 	14
2977 - 3014	 	 	5
2918 - 3015	 	 	9
3239 - 3016	 	 	9
1088 - 3017	 	 	11
4848 - 3018	 	 	16
4485 - 3019	 	 	1
862 - 3020	 	 	11
3430 - 3021	 	 	4
4705 - 3022	 	 	11
3917 - 3023	 	 	13
1427 - 3024	 	 	22
3958 - 3025	 	 	24
3425 - 3026	 	 	5
1772 - 3027	 	 	1
4036 - 3028	 	 	2
4195 - 3029	 	 	34
757 - 3030	 	 	28
3600 - 3031	 	 	20
2444 - 3032	 	 	26
3384 - 3033	 	 	8
2707 - 3034	 	 	3
989 - 3035	 	 	13
2519 - 3036	 	 	11
278 - 3037	 	 	6
3630 - 3038	 	 	21
4076 - 3039	 	 	38
582 - 3040	 	 	10
2212 - 3041	 	 	29
4880 - 3042	 	 	14
3657 - 3043	 	 	37
3328 - 3044	 	 	1
2142 - 3045	 	 	8
2571 - 3046	 	 	16
3012 - 3047	 	 	12
1080 - 3048	 	 	23
4245 - 3049	 	 	18
2149 - 3050	 	 	16
4069 - 3051	 	 	8
3033 - 3052	 	 	7
834 - 3053	 	 	14
3288 - 3054	 	 	18
522 - 3055	 	 	22
3798 - 3056	 	 	14
69 - 3057	 	 	18
3905 - 3058	 	 	5
428 - 3059	 	 	8
3294 - 3060	 	 	6
2612 - 3061	 	 	4
2803 - 3062	 	 	24
1187 - 3063	 	 	19
1230 - 3064	 	 	21
4340 - 3065	 	 	17
4983 - 3066	 	 	12
85 - 3067	 	 	10
4881 - 3068	 	 	19
1263 - 3069	 	 	18
1305 - 3070	 	 	22
2908 - 3071	 	 	26
2124 - 3072	 	 	12
554 - 3073	 	 	11
3836 - 3074	 	 	28
2958 - 3075	 	 	31
2828 - 3076	 	 	6
680 - 3077	 	 	5
1245 - 3078	 	 	2
2517 - 3079	 	 	28
4437 - 3080	 	 	48
2803 - 3081	 	 	11
17 - 3082	 	 	6
1115 - 3083	 	 	36
788 - 3084	 	 	26
1692 - 3085	 	 	34
592 - 3086	 	 	5
1815 - 3087	 	 	20
1375 - 3088	 	 	16
3214 - 3089	 	 	14
2678 - 3090	 	 	4
1726 - 3091	 	 	23
1055 - 3092	 	 	26
4720 - 3093	 	 	8
1110 - 3094	 	 	8
2828 - 3095	 	 	21
924 - 3096	 	 	4
2383 - 3097	 	 	17
4512 - 3098	 	 	6
3405 - 3099	 	 	45
4100 - 3100	 	 	15
3958 - 3101	 	 	11
4878 - 3102	 	 	24
2071 - 3103	 	 	8
1114 - 3104	 	 	31
4501 - 3105	 	 	25
4344 - 3106	 	 	12
3484 - 3107	 	 	28
687 - 3108	 	 	22
633 - 3109	 	 	28
1198 - 3110	 	 	1
539 - 3111	 	 	26
4215 - 3112	 	 	22
3812 - 3113	 	 	3
3241 - 3114	 	 	19
3047 - 3115	 	 	8
2529 - 3116	 	 	11
903 - 3117	 	 	12
1525 - 3118	 	 	21
4752 - 3119	 	 	7
4174 - 3120	 	 	18
2839 - 3121	 	 	1
2428 - 3122	 	 	20
1396 - 3123	 	 	12
2915 - 3124	 	 	15
2754 - 3125	 	 	26
3215 - 3126	 	 	28
4635 - 3127	 	 	3
2000 - 3128	 	 	20
4047 - 3129	 	 	11
89 - 3130	 	 	1
1223 - 3131	 	 	16
3809 - 3132	 	 	4
1878 - 3133	 	 	20
4067 - 3134	 	 	16
571 - 3135	 	 	11
3271 - 3136	 	 	49
135 - 3137	 	 	8
2348 - 3138	 	 	2
2912 - 3139	 	 	15
958 - 3140	 	 	21
2356 - 3141	 	 	5
2682 - 3142	 	 	22
1197 - 3143	 	 	2
1632 - 3144	 	 	9
3450 - 3145	 	 	16
1275 - 3146	 	 	29
4829 - 3147	 	 	10
2562 - 3148	 	 	7
1619 - 3149	 	 	1
1084 - 3150	 	 	3
985 - 3151	 	 	8
1526 - 3152	 	 	8
1297 - 3153	 	 	14
3447 - 3154	 	 	18
1393 - 3155	 	 	37
211 - 3156	 	 	20
2597 - 3157	 	 	59
1351 - 3158	 	 	16
4016 - 3159	 	 	3
2621 - 3160	 	 	9
1859 - 3161	 	 	3
3699 - 3162	 	 	8
741 - 3163	 	 	53
448 - 3164	 	 	38
1914 - 3165	 	 	27
2476 - 3166	 	 	4
2287 - 3167	 	 	11
3900 - 3168	 	 	17
1379 - 3169	 	 	4
1308 - 3170	 	 	6
2423 - 3171	 	 	32
2524 - 3172	 	 	3
1312 - 3173	 	 	2
523 - 3174	 	 	5
3338 - 3175	 	 	31
987 - 3176	 	 	41
68 - 3177	 	 	2
3662 - 3178	 	 	7
1141 - 3179	 	 	19
1186 - 3180	 	 	9
324 - 3181	 	 	9
1430 - 3182	 	 	26
4518 - 3183	 	 	13
3233 - 3184	 	 	4
4680 - 3185	 	 	14
2608 - 3186	 	 	2
2777 - 3187	 	 	6
1677 - 3188	 	 	5
3555 - 3189	 	 	2
4365 - 3190	 	 	24
4391 - 3191	 	 	32
1648 - 3192	 	 	3
1136 - 3193	 	 	4
4882 - 3194	 	 	15
2324 - 3195	 	 	71
2126 - 3196	 	 	27
1621 - 3197	 	 	21
1989 - 3198	 	 	24
3253 - 3199	 	 	10
1345 - 3200	 	 	3
817 - 3201	 	 	41
3989 - 3202	 	 	15
42 - 3203	 	 	31
4716 - 3204	 	 	11
4255 - 3205	 	 	14
3932 - 3206	 	 	14
1008 - 3207	 	 	6
2055 - 3208	 	 	5
3212 - 3209	 	 	13
936 - 3210	 	 	16
1983 - 3211	 	 	17
733 - 3212	 	 	17
246 - 3213	 	 	41
3361 - 3214	 	 	19
4183 - 3215	 	 	5
2924 - 3216	 	 	14
1231 - 3217	 	 	7
1509 - 3218	 	 	6
60 - 3219	 	 	4
2432 - 3220	 	 	13
4668 - 3221	 	 	11
169 - 3222	 	 	23
254 - 3223	 	 	12
512 - 3224	 	 	19
2318 - 3225	 	 	1
2957 - 3226	 	 	31
3075 - 3227	 	 	33
3135 - 3228	 	 	17
3784 - 3229	 	 	21
1029 - 3230	 	 	22
3536 - 3231	 	 	19
2874 - 3232	 	 	3
2553 - 3233	 	 	7
3862 - 3234	 	 	21
253 - 3235	 	 	16
2510 - 3236	 	 	5
1494 - 3237	 	 	17
1387 - 3238	 	 	19
2907 - 3239	 	 	6
4585 - 3240	 	 	27
215 - 3241	 	 	15
4306 - 3242	 	 	47
3379 - 3243	 	 	3
3063 - 3244	 	 	1
2222 - 3245	 	 	15
3520 - 3246	 	 	2
2289 - 3247	 	 	7
1807 - 3248	 	 	14
3821 - 3249	 	 	32
4582 - 3250	 	 	20
1270 - 3251	 	 	57
1231 - 3252	 	 	3
2945 - 3253	 	 	5
4887 - 3254	 	 	16
590 - 3255	 	 	11
3319 - 3256	 	 	6
1450 - 3257	 	 	3
3863 - 3258	 	 	34
3002 - 3259	 	 	14
1864 - 3260	 	 	8
555 - 3261	 	 	1
1954 - 3262	 	 	15
1905 - 3263	 	 	29
3398 - 3264	 	 	8
4871 - 3265	 	 	36
1751 - 3266	 	 	4
3615 - 3267	 	 	2
2122 - 3268	 	 	6
4405 - 3269	 	 	17
846 - 3270	 	 	3
971 - 3271	 	 	5
976 - 3272	 	 	22
79 - 3273	 	 	19
751 - 3274	 	 	28
917 - 3275	 	 	11
4732 - 3276	 	 	6
3414 - 3277	 	 	14
2610 - 3278	 	 	7
1321 - 3279	 	 	6
586 - 3280	 	 	28
1956 - 3281	 	 	23
770 - 3282	 	 	14
2372 - 3283	 	 	7
3048 - 3284	 	 	32
4533 - 3285	 	 	35
4591 - 3286	 	 	26
962 - 3287	 	 	8
4704 - 3288	 	 	15
511 - 3289	 	 	13
963 - 3290	 	 	13
2205 - 3291	 	 	14
3675 - 3292	 	 	9
4782 - 3293	 	 	15
2219 - 3294	 	 	14
1444 - 3295	 	 	15
2564 - 3296	 	 	21
273 - 3297	 	 	24
1262 - 3298	 	 	3
4132 - 3299	 	 	8
4643 - 3300	 	 	16
2591 - 3301	 	 	3
3464 - 3302	 	 	7
3346 - 3303	 	 	17
920 - 3304	 	 	31
2022 - 3305	 	 	13
1431 - 3306	 	 	1
1993 - 3307	 	 	6
3731 - 3308	 	 	28
501 - 3309	 	 	6
4021 - 3310	 	 	13
4676 - 3311	 	 	4
4198 - 3312	 	 	27
2686 - 3313	 	 	4
1732 - 3314	 	 	26
36 - 3315	 	 	46
1424 - 3316	 	 	13
4868 - 3317	 	 	22
4543 - 3318	 	 	9
2749 - 3319	 	 	13
3667 - 3320	 	 	15
2562 - 3321	 	 	11
4368 - 3322	 	 	1
4493 - 3323	 	 	12
2408 - 3324	 	 	15
3564 - 3325	 	 	19
702 - 3326	 	 	2
2155 - 3327	 	 	13
3100 - 3328	 	 	10
3743 - 3329	 	 	3
484 - 3330	 	 	11
1956 - 3331	 	 	9
1032 - 3332	 	 	13
989 - 3333	 	 	22
2032 - 3334	 	 	3
143 - 3335	 	 	8
1804 - 3336	 	 	8
2055 - 3337	 	 	19
534 - 3338	 	 	18
2394 - 3339	 	 	20
1540 - 3340	 	 	2
1692 - 3341	 	 	8
182 - 3342	 	 	15
962 - 3343	 	 	20
160 - 3344	 	 	10
4187 - 3345	 	 	6
1040 - 3346	 	 	22
3550 - 3347	 	 	8
454 - 3348	 	 	17
3177 - 3349	 	 	18
3897 - 3350	 	 	23
4580 - 3351	 	 	27
2661 - 3352	 	 	11
2908 - 3353	 	 	11
1104 - 3354	 	 	9
3591 - 3355	 	 	24
173 - 3356	 	 	20
2989 - 3357	 	 	4
1822 - 3358	 	 	6
4776 - 3359	 	 	11
1785 - 3360	 	 	27
2955 - 3361	 	 	10
3792 - 3362	 	 	8
3395 - 3363	 	 	11
1997 - 3364	 	 	10
4359 - 3365	 	 	14
288 - 3366	 	 	1
874 - 3367	 	 	14
1681 - 3368	 	 	1
975 - 3369	 	 	9
3977 - 3370	 	 	15
2783 - 3371	 	 	4
3396 - 3372	 	 	22
2203 - 3373	 	 	4
2986 - 3374	 	 	9
3356 - 3375	 	 	22
1198 - 3376	 	 	27
458 - 3377	 	 	2
1878 - 3378	 	 	7
4883 - 3379	 	 	6
742 - 3380	 	 	3
2459 - 3381	 	 	1
4555 - 3382	 	 	24
3971 - 3383	 	 	14
717 - 3384	 	 	4
3371 - 3385	 	 	25
1984 - 3386	 	 	9
2151 - 3387	 	 	23
3425 - 3388	 	 	17
4839 - 3389	 	 	17
2 - 3390	 	 	8
1573 - 3391	 	 	5
2188 - 3392	 	 	10
1104 - 3393	 	 	26
3321 - 3394	 	 	12
1232 - 3395	 	 	5
1298 - 3396	 	 	17
985 - 3397	 	 	47
1912 - 3398	 	 	8
754 - 3399	 	 	24
4888 - 3400	 	 	25
1402 - 3401	 	 	22
1314 - 3402	 	 	6
604 - 3403	 	 	16
3061 - 3404	 	 	23
833 - 3405	 	 	14
4862 - 3406	 	 	8
786 - 3407	 	 	22
534 - 3408	 	 	19
4041 - 3409	 	 	7
4214 - 3410	 	 	7
822 - 3411	 	 	8
2548 - 3412	 	 	27
828 - 3413	 	 	18
371 - 3414	 	 	18
1232 - 3415	 	 	15
2854 - 3416	 	 	11
1259 - 3417	 	 	41
4906 - 3418	 	 	46
2948 - 3419	 	 	5
892 - 3420	 	 	13
257 - 3421	 	 	17
4500 - 3422	 	 	28
3720 - 3423	 	 	2
4533 - 3424	 	 	20
140 - 3425	 	 	11
1736 - 3426	 	 	12
3502 - 3427	 	 	32
3867 - 3428	 	 	9
2727 - 3429	 	 	22
4257 - 3430	 	 	19
4467 - 3431	 	 	1
2066 - 3432	 	 	2
2078 - 3433	 	 	19
2293 - 3434	 	 	16
3880 - 3435	 	 	28
3583 - 3436	 	 	13
3184 - 3437	 	 	22
2983 - 3438	 	 	23
1242 - 3439	 	 	8
4771 - 3440	 	 	7
4598 - 3441	 	 	7
2872 - 3442	 	 	3
1079 - 3443	 	 	4
1867 - 3444	 	 	4
4305 - 3445	 	 	15
479 - 3446	 	 	73
433 - 3447	 	 	4
1957 - 3448	 	 	2
4522 - 3449	 	 	19
2642 - 3450	 	 	20
2872 - 3451	 	 	15
4193 - 3452	 	 	21
1762 - 3453	 	 	11
4548 - 3454	 	 	44
530 - 3455	 	 	21
2435 - 3456	 	 	1
2653 - 3457	 	 	15
1092 - 3458	 	 	96
1092 - 3459	 	 	18
1214 - 3460	 	 	4
4417 - 3461	 	 	24
580 - 3462	 	 	12
3211 - 3463	 	 	18
3595 - 3464	 	 	14
1060 - 3465	 	 	18
3567 - 3466	 	 	1
406 - 3467	 	 	14
3565 - 3468	 	 	16
544 - 3469	 	 	15
4425 - 3470	 	 	13
2624 - 3471	 	 	44
2955 - 3472	 	 	2
2291 - 3473	 	 	10
3974 - 3474	 	 	21
2875 - 3475	 	 	4
3321 - 3476	 	 	14
4574 - 3477	 	 	17
644 - 3478	 	 	24
18 - 3479	 	 	16
2867 - 3480	 	 	12
3159 - 3481	 	 	1
1571 - 3482	 	 	21
2021 - 3483	 	 	10
1543 - 3484	 	 	23
2638 - 3485	 	 	8
4533 - 3486	 	 	9
51 - 3487	 	 	12
3414 - 3488	 	 	12
2571 - 3489	 	 	8
2215 - 3490	 	 	8
159 - 3491	 	 	4
1392 - 3492	 	 	1
2721 - 3493	 	 	15
1639 - 3494	 	 	29
4007 - 3495	 	 	24
2207 - 3496	 	 	13
2414 - 3497	 	 	13
3244 - 3498	 	 	16
3826 - 3499	 	 	14
676 - 3500	 	 	16
2196 - 3501	 	 	44
3134 - 3502	 	 	4
984 - 3503	 	 	15
4654 - 3504	 	 	27
1166 - 3505	 	 	35
2911 - 3506	 	 	8
4384 - 3507	 	 	19
4063 - 3508	 	 	16
4484 - 3509	 	 	8
2577 - 3510	 	 	9
3684 - 3511	 	 	53
3402 - 3512	 	 	12
4739 - 3513	 	 	15
401 - 3514	 	 	6
3987 - 3515	 	 	14
1976 - 3516	 	 	4
4258 - 3517	 	 	17
99 - 3518	 	 	19
3256 - 3519	 	 	29
3217 - 3520	 	 	5
714 - 3521	 	 	20
4552 - 3522	 	 	1
4914 - 3523	 	 	16
333 - 3524	 	 	19
4435 - 3525	 	 	6
551 - 3526	 	 	5
3413 - 3527	 	 	7
472 - 3528	 	 	23
142 - 3529	 	 	12
322 - 3530	 	 	11
1955 - 3531	 	 	27
4275 - 3532	 	 	31
2455 - 3533	 	 	1
2339 - 3534	 	 	9
3709 - 3535	 	 	14
2449 - 3536	 	 	7
2126 - 3537	 	 	4
3909 - 3538	 	 	5
832 - 3539	 	 	33
1336 - 3540	 	 	6
3772 - 3541	 	 	9
3193 - 3542	 	 	31
3803 - 3543	 	 	2
3578 - 3544	 	 	14
4894 - 3545	 	 	25
598 - 3546	 	 	7
4021 - 3547	 	 	18
4856 - 3548	 	 	1
3301 - 3549	 	 	18
2364 - 3550	 	 	1
894 - 3551	 	 	3
1778 - 3552	 	 	19
2550 - 3553	 	 	9
2709 - 3554	 	 	21
1226 - 3555	 	 	3
4103 - 3556	 	 	26
2974 - 3557	 	 	11
2879 - 3558	 	 	7
4216 - 3559	 	 	6
3072 - 3560	 	 	20
1902 - 3561	 	 	3
3047 - 3562	 	 	54
828 - 3563	 	 	3
4608 - 3564	 	 	14
2373 - 3565	 	 	17
3608 - 3566	 	 	27
1259 - 3567	 	 	11
1309 - 3568	 	 	16
4004 - 3569	 	 	15
490 - 3570	 	 	26
2337 - 3571	 	 	30
1709 - 3572	 	 	8
3682 - 3573	 	 	13
4716 - 3574	 	 	9
773 - 3575	 	 	68
1805 - 3576	 	 	25
4268 - 3577	 	 	4
3548 - 3578	 	 	11
1836 - 3579	 	 	22
316 - 3580	 	 	19
2135 - 3581	 	 	46
1864 - 3582	 	 	12
909 - 3583	 	 	10
1501 - 3584	 	 	13
1479 - 3585	 	 	12
885 - 3586	 	 	8
2359 - 3587	 	 	3
2472 - 3588	 	 	18
3208 - 3589	 	 	9
4496 - 3590	 	 	43
3813 - 3591	 	 	26
2368 - 3592	 	 	5
2060 - 3593	 	 	2
142 - 3594	 	 	21
475 - 3595	 	 	10
2152 - 3596	 	 	3
1076 - 3597	 	 	1
4770 - 3598	 	 	5
3300 - 3599	 	 	60
4984 - 3600	 	 	11
785 - 3601	 	 	17
515 - 3602	 	 	19
1467 - 3603	 	 	6
1411 - 3604	 	 	13
3058 - 3605	 	 	14
3048 - 3606	 	 	27
3317 - 3607	 	 	20
4231 - 3608	 	 	20
2083 - 3609	 	 	9
2435 - 3610	 	 	22
1803 - 3611	 	 	3
2817 - 3612	 	 	6
2970 - 3613	 	 	10
2392 - 3614	 	 	37
1844 - 3615	 	 	11
3766 - 3616	 	 	20
4476 - 3617	 	 	13
1004 - 3618	 	 	21
713 - 3619	 	 	13
963 - 3620	 	 	16
4752 - 3621	 	 	12
298 - 3622	 	 	2
187 - 3623	 	 	21
692 - 3624	 	 	3
4731 - 3625	 	 	6
1522 - 3626	 	 	15
994 - 3627	 	 	18
2227 - 3628	 	 	23
4994 - 3629	 	 	23
4751 - 3630	 	 	15
1022 - 3631	 	 	1
2947 - 3632	 	 	32
3976 - 3633	 	 	9
2364 - 3634	 	 	18
1616 - 3635	 	 	25
173 - 3636	 	 	5
3534 - 3637	 	 	29
63 - 3638	 	 	54
3655 - 3639	 	 	4
4031 - 3640	 	 	28
3592 - 3641	 	 	12
4531 - 3642	 	 	1
2817 - 3643	 	 	7
1008 - 3644	 	 	16
4994 - 3645	 	 	5
3286 - 3646	 	 	23
3425 - 3647	 	 	1
1992 - 3648	 	 	11
1703 - 3649	 	 	9
1403 - 3650	 	 	16
2348 - 3651	 	 	16
3681 - 3652	 	 	13
185 - 3653	 	 	6
3630 - 3654	 	 	13
1046 - 3655	 	 	15
2969 - 3656	 	 	16
2568 - 3657	 	 	13
1360 - 3658	 	 	14
887 - 3659	 	 	13
3100 - 3660	 	 	10
2376 - 3661	 	 	19
4176 - 3662	 	 	2
3148 - 3663	 	 	11
1708 - 3664	 	 	7
2727 - 3665	 	 	26
4616 - 3666	 	 	3
636 - 3667	 	 	18
2083 - 3668	 	 	15
4723 - 3669	 	 	14
1029 - 3670	 	 	37
664 - 3671	 	 	26
1202 - 3672	 	 	8
4140 - 3673	 	 	29
1924 - 3674	 	 	12
3843 - 3675	 	 	10
4113 - 3676	 	 	10
1743 - 3677	 	 	35
2089 - 3678	 	 	6
4450 - 3679	 	 	25
1931 - 3680	 	 	7
4897 - 3681	 	 	2
117 - 3682	 	 	4
2689 - 3683	 	 	17
392 - 3684	 	 	15
4710 - 3685	 	 	46
832 - 3686	 	 	42
2578 - 3687	 	 	6
3113 - 3688	 	 	33
2685 - 3689	 	 	11
4537 - 3690	 	 	61
4257 - 3691	 	 	20
1052 - 3692	 	 	17
587 - 3693	 	 	37
4077 - 3694	 	 	13
3444 - 3695	 	 	17
2315 - 3696	 	 	2
1281 - 3697	 	 	78
4370 - 3698	 	 	15
4416 - 3699	 	 	10
839 - 3700	 	 	25
1171 - 3701	 	 	13
3022 - 3702	 	 	17
3230 - 3703	 	 	45
392 - 3704	 	 	12
2830 - 3705	 	 	21
1153 - 3706	 	 	9
2271 - 3707	 	 	18
674 - 3708	 	 	16
209 - 3709	 	 	7
178 - 3710	 	 	17
415 - 3711	 	 	25
3289 - 3712	 	 	29
3828 - 3713	 	 	10
2174 - 3714	 	 	9
1705 - 3715	 	 	19
4991 - 3716	 	 	7
2722 - 3717	 	 	17
4497 - 3718	 	 	9
1989 - 3719	 	 	13
3500 - 3720	 	 	8
1736 - 3721	 	 	7
994 - 3722	 	 	48
4897 - 3723	 	 	13
3730 - 3724	 	 	33
3553 - 3725	 	 	25
89 - 3726	 	 	13
2502 - 3727	 	 	4
4662 - 3728	 	 	16
1478 - 3729	 	 	29
756 - 3730	 	 	11
4137 - 3731	 	 	17
1960 - 3732	 	 	47
482 - 3733	 	 	35
1083 - 3734	 	 	15
617 - 3735	 	 	23
3370 - 3736	 	 	4
2790 - 3737	 	 	10
3983 - 3738	 	 	1
2998 - 3739	 	 	2
2544 - 3740	 	 	13
3306 - 3741	 	 	20
1241 - 3742	 	 	43
2718 - 3743	 	 	12
2351 - 3744	 	 	7
1687 - 3745	 	 	7
1204 - 3746	 	 	13
4991 - 3747	 	 	6
4658 - 3748	 	 	34
2430 - 3749	 	 	20
800 - 3750	 	 	16
3586 - 3751	 	 	13
3019 - 3752	 	 	6
2957 - 3753	 	 	11
2686 - 3754	 	 	6
1215 - 3755	 	 	10
1063 - 3756	 	 	16
2256 - 3757	 	 	32
1202 - 3758	 	 	37
292 - 3759	 	 	16
1776 - 3760	 	 	12
3812 - 3761	 	 	14
4711 - 3762	 	 	16
1968 - 3763	 	 	7
704 - 3764	 	 	21
2817 - 3765	 	 	5
4351 - 3766	 	 	13
4544 - 3767	 	 	9
4790 - 3768	 	 	3
4374 - 3769	 	 	19
4652 - 3770	 	 	11
558 - 3771	 	 	12
3578 - 3772	 	 	16
4728 - 3773	 	 	19
1294 - 3774	 	 	2
2827 - 3775	 	 	11
906 - 3776	 	 	12
1062 - 3777	 	 	29
38 - 3778	 	 	15
3124 - 3779	 	 	14
4620 - 3780	 	 	1
3683 - 3781	 	 	4
4365 - 3782	 	 	26
1854 - 3783	 	 	29
2752 - 3784	 	 	1
678 - 3785	 	 	17
2638 - 3786	 	 	8
1671 - 3787	 	 	18
44 - 3788	 	 	25
2425 - 3789	 	 	3
3984 - 3790	 	 	20
353 - 3791	 	 	27
1877 - 3792	 	 	18
4937 - 3793	 	 	8
3597 - 3794	 	 	4
4229 - 3795	 	 	14
4651 - 3796	 	 	20
2138 - 3797	 	 	21
2411 - 3798	 	 	5
3827 - 3799	 	 	20
2559 - 3800	 	 	24
4275 - 3801	 	 	5
1384 - 3802	 	 	3
2298 - 3803	 	 	13
4797 - 3804	 	 	28
3426 - 3805	 	 	15
2277 - 3806	 	 	9
4544 - 3807	 	 	4
1062 - 3808	 	 	32
1442 - 3809	 	 	7
1581 - 3810	 	 	36
4462 - 3811	 	 	9
4007 - 3812	 	 	14
2169 - 3813	 	 	20
2814 - 3814	 	 	10
1645 - 3815	 	 	24
4934 - 3816	 	 	11
4078 - 3817	 	 	2
3261 - 3818	 	 	8
588 - 3819	 	 	6
1777 - 3820	 	 	41
58 - 3821	 	 	34
1572 - 3822	 	 	9
2550 - 3823	 	 	17
1727 - 3824	 	 	15
3802 - 3825	 	 	6
4423 - 3826	 	 	6
1800 - 3827	 	 	10
3716 - 3828	 	 	11
858 - 3829	 	 	5
4261 - 3830	 	 	4
1273 - 3831	 	 	10
2898 - 3832	 	 	11
3920 - 3833	 	 	25
398 - 3834	 	 	3
2546 - 3835	 	 	18
3894 - 3836	 	 	1
1281 - 3837	 	 	65
4280 - 3838	 	 	6
2227 - 3839	 	 	7
4932 - 3840	 	 	19
4177 - 3841	 	 	38
3326 - 3842	 	 	14
1417 - 3843	 	 	10
858 - 3844	 	 	15
124 - 3845	 	 	1
3869 - 3846	 	 	2
3953 - 3847	 	 	21
1004 - 3848	 	 	8
3131 - 3849	 	 	25
4034 - 3850	 	 	1
1751 - 3851	 	 	18
3390 - 3852	 	 	10
3555 - 3853	 	 	33
1396 - 3854	 	 	36
662 - 3855	 	 	12
3813 - 3856	 	 	11
4927 - 3857	 	 	15
2613 - 3858	 	 	2
2567 - 3859	 	 	16
4917 - 3860	 	 	33
1160 - 3861	 	 	16
570 - 3862	 	 	13
3185 - 3863	 	 	24
679 - 3864	 	 	8
1316 - 3865	 	 	5
3434 - 3866	 	 	8
638 - 3867	 	 	9
467 - 3868	 	 	30
4063 - 3869	 	 	12
1098 - 3870	 	 	9
2010 - 3871	 	 	18
3688 - 3872	 	 	31
1697 - 3873	 	 	14
1604 - 3874	 	 	13
4898 - 3875	 	 	33
2036 - 3876	 	 	15
177 - 3877	 	 	3
2300 - 3878	 	 	28
462 - 3879	 	 	29
4951 - 3880	 	 	11
2955 - 3881	 	 	26
4236 - 3882	 	 	6
3951 - 3883	 	 	17
242 - 3884	 	 	5
1624 - 3885	 	 	9
3141 - 3886	 	 	34
142 - 3887	 	 	13
4733 - 3888	 	 	3
2369 - 3889	 	 	8
664 - 3890	 	 	3
2940 - 3891	 	 	31
934 - 3892	 	 	40
3936 - 3893	 	 	51
3803 - 3894	 	 	14
797 - 3895	 	 	39
912 - 3896	 	 	33
1721 - 3897	 	 	21
3526 - 3898	 	 	2
4308 - 3899	 	 	42
3300 - 3900	 	 	13
4335 - 3901	 	 	5
4776 - 3902	 	 	12
577 - 3903	 	 	16
121 - 3904	 	 	13
4348 - 3905	 	 	12
3302 - 3906	 	 	45
1003 - 3907	 	 	15
1087 - 3908	 	 	8
144 - 3909	 	 	5
3807 - 3910	 	 	4
202 - 3911	 	 	7
3034 - 3912	 	 	4
1300 - 3913	 	 	1
3079 - 3914	 	 	39
554 - 3915	 	 	18
4899 - 3916	 	 	47
428 - 3917	 	 	16
1407 - 3918	 	 	16
1100 - 3919	 	 	26
2091 - 3920	 	 	14
3460 - 3921	 	 	28
616 - 3922	 	 	19
830 - 3923	 	 	9
4136 - 3924	 	 	5
4904 - 3925	 	 	25
2907 - 3926	 	 	23
3491 - 3927	 	 	5
3138 - 3928	 	 	2
4945 - 3929	 	 	26
4856 - 3930	 	 	11
952 - 3931	 	 	36
2353 - 3932	 	 	8
335 - 3933	 	 	6
2860 - 3934	 	 	28
2479 - 3935	 	 	3
1021 - 3936	 	 	4
758 - 3937	 	 	9
745 - 3938	 	 	44
1146 - 3939	 	 	14
3172 - 3940	 	 	11
3651 - 3941	 	 	3
513 - 3942	 	 	14
1843 - 3943	 	 	23
102 - 3944	 	 	15
1391 - 3945	 	 	26
2939 - 3946	 	 	7
85 - 3947	 	 	13
4815 - 3948	 	 	23
2370 - 3949	 	 	16
4736 - 3950	 	 	19
1956 - 3951	 	 	10
1008 - 3952	 	 	6
3973 - 3953	 	 	13
2609 - 3954	 	 	10
214 - 3955	 	 	1
651 - 3956	 	 	10
3435 - 3957	 	 	15
3630 - 3958	 	 	8
1839 - 3959	 	 	10
4588 - 3960	 	 	15
2527 - 3961	 	 	2
2251 - 3962	 	 	14
4272 - 3963	 	 	2
1322 - 3964	 	 	2
2439 - 3965	 	 	19
4904 - 3966	 	 	7
1582 - 3967	 	 	23
414 - 3968	 	 	12
2736 - 3969	 	 	6
3072 - 3970	 	 	1
3620 - 3971	 	 	20
2812 - 3972	 	 	38
32 - 3973	 	 	14
1872 - 3974	 	 	13
1501 - 3975	 	 	7
3148 - 3976	 	 	21
1913 - 3977	 	 	18
2750 - 3978	 	 	20
4218 - 3979	 	 	45
2597 - 3980	 	 	8
1154 - 3981	 	 	29
4159 - 3982	 	 	10
3621 - 3983	 	 	3
2788 - 3984	 	 	6
2357 - 3985	 	 	6
3388 - 3986	 	 	12
3241 - 3987	 	 	4
1170 - 3988	 	 	91
4613 - 3989	 	 	7
30 - 3990	 	 	34
4776 - 3991	 	 	2
1902 - 3992	 	 	32
4530 - 3993	 	 	3
1193 - 3994	 	 	27
2050 - 3995	 	 	5
3047 - 3996	 	 	3
2284 - 3997	 	 	18
1254 - 3998	 	 	38
723 - 3999	 	 	1
2310 - 4000	 	 	30
2907 - 4001	 	 	17
4443 - 4002	 	 	6
351 - 4003	 	 	33
4470 - 4004	 	 	10
3044 - 4005	 	 	34
4180 - 4006	 	 	21
2293 - 4007	 	 	18
906 - 4008	 	 	14
4291 - 4009	 	 	24
1410 - 4010	 	 	17
2126 - 4011	 	 	33
3081 - 4012	 	 	22
726 - 4013	 	 	23
2074 - 4014	 	 	25
3288 - 4015	 	 	2
4260 - 4016	 	 	10
553 - 4017	 	 	13
2114 - 4018	 	 	35
1706 - 4019	 	 	3
2895 - 4020	 	 	10
3073 - 4021	 	 	12
4971 - 4022	 	 	7
1065 - 4023	 	 	6
4301 - 4024	 	 	16
3490 - 4025	 	 	14
3936 - 4026	 	 	6
794 - 4027	 	 	7
2958 - 4028	 	 	13
4863 - 4029	 	 	8
210 - 4030	 	 	7
2166 - 4031	 	 	33
3761 - 4032	 	 	16
1232 - 4033	 	 	42
306 - 4034	 	 	10
2294 - 4035	 	 	31
4257 - 4036	 	 	12
346 - 4037	 	 	14
4096 - 4038	 	 	3
36 - 4039	 	 	14
268 - 4040	 	 	17
1266 - 4041	 	 	4
2237 - 4042	 	 	11
3880 - 4043	 	 	39
2240 - 4044	 	 	14
344 - 4045	 	 	18
4160 - 4046	 	 	7
1926 - 4047	 	 	8
1353 - 4048	 	 	37
1217 - 4049	 	 	3
4983 - 4050	 	 	21
991 - 4051	 	 	43
1811 - 4052	 	 	1
4765 - 4053	 	 	11
4361 - 4054	 	 	3
180 - 4055	 	 	11
1141 - 4056	 	 	8
2988 - 4057	 	 	13
4078 - 4058	 	 	4
425 - 4059	 	 	7
3231 - 4060	 	 	23
2930 - 4061	 	 	41
4943 - 4062	 	 	1
974 - 4063	 	 	13
4790 - 4064	 	 	3
4017 - 4065	 	 	26
1390 - 4066	 	 	6
66 - 4067	 	 	1
4194 - 4068	 	 	2
1818 - 4069	 	 	16
16 - 4070	 	 	43
4635 - 4071	 	 	1
1362 - 4072	 	 	16
2714 - 4073	 	 	14
1163 - 4074	 	 	35
4567 - 4075	 	 	5
1328 - 4076	 	 	3
1637 - 4077	 	 	5
4465 - 4078	 	 	1
4750 - 4079	 	 	77
3115 - 4080	 	 	26
1955 - 4081	 	 	17
1500 - 4082	 	 	23
2957 - 4083	 	 	20
1063 - 4084	 	 	32
4615 - 4085	 	 	17
41 - 4086	 	 	2
2048 - 4087	 	 	45
4904 - 4088	 	 	16
2188 - 4089	 	 	18
4828 - 4090	 	 	15
4966 - 4091	 	 	19
4447 - 4092	 	 	17
1685 - 4093	 	 	10
4506 - 4094	 	 	16
153 - 4095	 	 	12
365 - 4096	 	 	12
236 - 4097	 	 	12
2336 - 4098	 	 	34
1089 - 4099	 	 	10
2627 - 4100	 	 	3
2867 - 4101	 	 	4
2847 - 4102	 	 	8
4926 - 4103	 	 	4
528 - 4104	 	 	25
3652 - 4105	 	 	8
2526 - 4106	 	 	5
2651 - 4107	 	 	35
204 - 4108	 	 	10
1118 - 4109	 	 	9
1032 - 4110	 	 	24
4156 - 4111	 	 	5
1888 - 4112	 	 	16
1366 - 4113	 	 	18
482 - 4114	 	 	29
1840 - 4115	 	 	15
1047 - 4116	 	 	43
3729 - 4117	 	 	2
3072 - 4118	 	 	3
2396 - 4119	 	 	15
2466 - 4120	 	 	16
3153 - 4121	 	 	12
2898 - 4122	 	 	25
1494 - 4123	 	 	3
4604 - 4124	 	 	18
1927 - 4125	 	 	28
2581 - 4126	 	 	3
4428 - 4127	 	 	15
4335 - 4128	 	 	4
2364 - 4129	 	 	26
3375 - 4130	 	 	5
4628 - 4131	 	 	26
1566 - 4132	 	 	22
399 - 4133	 	 	16
1119 - 4134	 	 	29
3662 - 4135	 	 	11
1508 - 4136	 	 	1
473 - 4137	 	 	6
3716 - 4138	 	 	5
1961 - 4139	 	 	23
2339 - 4140	 	 	18
4203 - 4141	 	 	4
263 - 4142	 	 	40
4084 - 4143	 	 	47
12 - 4144	 	 	25
961 - 4145	 	 	20
987 - 4146	 	 	18
2021 - 4147	 	 	15
361 - 4148	 	 	30
1596 - 4149	 	 	32
1483 - 4150	 	 	5
4538 - 4151	 	 	1
2956 - 4152	 	 	40
1059 - 4153	 	 	31
580 - 4154	 	 	38
690 - 4155	 	 	6
2510 - 4156	 	 	4
671 - 4157	 	 	18
263 - 4158	 	 	19
3199 - 4159	 	 	5
3609 - 4160	 	 	11
1124 - 4161	 	 	8
4984 - 4162	 	 	19
4017 - 4163	 	 	11
830 - 4164	 	 	44
355 - 4165	 	 	16
763 - 4166	 	 	17
2048 - 4167	 	 	29
506 - 4168	 	 	28
1668 - 4169	 	 	19
1864 - 4170	 	 	26
3430 - 4171	 	 	24
1063 - 4172	 	 	18
2390 - 4173	 	 	33
998 - 4174	 	 	11
4285 - 4175	 	 	2
2861 - 4176	 	 	12
812 - 4177	 	 	3
2466 - 4178	 	 	22
2708 - 4179	 	 	10
4756 - 4180	 	 	5
2953 - 4181	 	 	8
3350 - 4182	 	 	13
1151 - 4183	 	 	1
4436 - 4184	 	 	4
1352 - 4185	 	 	10
542 - 4186	 	 	14
242 - 4187	 	 	14
927 - 4188	 	 	19
3794 - 4189	 	 	5
4515 - 4190	 	 	2
2009 - 4191	 	 	14
1097 - 4192	 	 	35
1645 - 4193	 	 	22
3 - 4194	 	 	7
0 - 4195	 	 	20
3992 - 4196	 	 	3
3913 - 4197	 	 	18
854 - 4198	 	 	8
2514 - 4199	 	 	5
2232 - 4200	 	 	23
3467 - 4201	 	 	19
2246 - 4202	 	 	1
819 - 4203	 	 	4
2759 - 4204	 	 	16
2795 - 4205	 	 	29
4488 - 4206	 	 	10
134 - 4207	 	 	12
3047 - 4208	 	 	26
1543 - 4209	 	 	12
3147 - 4210	 	 	24
525 - 4211	 	 	38
3639 - 4212	 	 	10
1725 - 4213	 	 	9
3187 - 4214	 	 	1
1161 - 4215	 	 	8
4774 - 4216	 	 	9
2994 - 4217	 	 	6
4598 - 4218	 	 	2
4038 - 4219	 	 	9
14 - 4220	 	 	22
1647 - 4221	 	 	29
3132 - 4222	 	 	8
4988 - 4223	 	 	7
1907 - 4224	 	 	13
4527 - 4225	 	 	6
520 - 4226	 	 	58
1630 - 4227	 	 	14
3424 - 4228	 	 	14
4992 - 4229	 	 	15
2819 - 4230	 	 	10
4282 - 4231	 	 	2
931 - 4232	 	 	9
322 - 4233	 	 	12
2812 - 4234	 	 	22
3217 - 4235	 	 	19
632 - 4236	 	 	7
3072 - 4237	 	 	45
1063 - 4238	 	 	23
15 - 4239	 	 	15
4169 - 4240	 	 	11
3708 - 4241	 	 	14
382 - 4242	 	 	6
2332 - 4243	 	 	9
4631 - 4244	 	 	23
111 - 4245	 	 	11
2837 - 4246	 	 	15
1933 - 4247	 	 	7
266 - 4248	 	 	11
3452 - 4249	 	 	3
1316 - 4250	 	 	16
1357 - 4251	 	 	1
2326 - 4252	 	 	25
1536 - 4253	 	 	43
4229 - 4254	 	 	51
344 - 4255	 	 	19
3917 - 4256	 	 	18
1877 - 4257	 	 	14
1068 - 4258	 	 	6
4397 - 4259	 	 	53
4483 - 4260	 	 	3
244 - 4261	 	 	11
4440 - 4262	 	 	6
2071 - 4263	 	 	10
2692 - 4264	 	 	3
3752 - 4265	 	 	2
2119 - 4266	 	 	17
3019 - 4267	 	 	11
2369 - 4268	 	 	8
4737 - 4269	 	 	16
1904 - 4270	 	 	4
916 - 4271	 	 	15
298 - 4272	 	 	13
1807 - 4273	 	 	21
2242 - 4274	 	 	12
2546 - 4275	 	 	13
3219 - 4276	 	 	2
2754 - 4277	 	 	4
3973 - 4278	 	 	5
1775 - 4279	 	 	46
2633 - 4280	 	 	9
2140 - 4281	 	 	40
4183 - 4282	 	 	15
2088 - 4283	 	 	6
4377 - 4284	 	 	1
3509 - 4285	 	 	13
3902 - 4286	 	 	11
4102 - 4287	 	 	6
4582 - 4288	 	 	35
4045 - 4289	 	 	14
4264 - 4290	 	 	10
1259 - 4291	 	 	5
402 - 4292	 	 	28
4965 - 4293	 	 	12
3917 - 4294	 	 	7
1980 - 4295	 	 	80
168 - 4296	 	 	28
466 - 4297	 	 	10
1386 - 4298	 	 	13
2654 - 4299	 	 	25
4484 - 4300	 	 	17
1777 - 4301	 	 	8
2714 - 4302	 	 	25
3616 - 4303	 	 	25
1730 - 4304	 	 	9
2882 - 4305	 	 	25
1853 - 4306	 	 	48
4671 - 4307	 	 	25
2286 - 4308	 	 	18
2178 - 4309	 	 	28
1747 - 4310	 	 	27
4431 - 4311	 	 	23
3025 - 4312	 	 	59
87 - 4313	 	 	33
522 - 4314	 	 	5
3379 - 4315	 	 	21
2393 - 4316	 	 	28
3430 - 4317	 	 	15
1586 - 4318	 	 	12
2550 - 4319	 	 	15
409 - 4320	 	 	3
1269 - 4321	 	 	18
4965 - 4322	 	 	28
4799 - 4323	 	 	26
264 - 4324	 	 	13
1513 - 4325	 	 	9
2596 - 4326	 	 	25
925 - 4327	 	 	17
4962 - 4328	 	 	39
4615 - 4329	 	 	8
2392 - 4330	 	 	9
2383 - 4331	 	 	10
828 - 4332	 	 	14
3308 - 4333	 	 	13
1456 - 4334	 	 	14
4790 - 4335	 	 	5
4498 - 4336	 	 	12
3285 - 4337	 	 	19
2818 - 4338	 	 	33
2503 - 4339	 	 	23
2469 - 4340	 	 	8
3743 - 4341	 	 	5
4443 - 4342	 	 	17
1859 - 4343	 	 	9
2349 - 4344	 	 	11
308 - 4345	 	 	14
1848 - 4346	 	 	11
4315 - 4347	 	 	12
4293 - 4348	 	 	7
2488 - 4349	 	 	4
950 - 4350	 	 	18
4548 - 4351	 	 	9
241 - 4352	 	 	30
2576 - 4353	 	 	15
1093 - 4354	 	 	20
4020 - 4355	 	 	18
4823 - 4356	 	 	25
1195 - 4357	 	 	13
4151 - 4358	 	 	22
3527 - 4359	 	 	7
3009 - 4360	 	 	29
3852 - 4361	 	 	25
3152 - 4362	 	 	6
4375 - 4363	 	 	4
1766 - 4364	 	 	15
1130 - 4365	 	 	2
3479 - 4366	 	 	17
497 - 4367	 	 	20
4179 - 4368	 	 	26
1498 - 4369	 	 	11
1789 - 4370	 	 	1
2578 - 4371	 	 	5
1275 - 4372	 	 	28
791 - 4373	 	 	11
265 - 4374	 	 	6
4287 - 4375	 	 	5
4970 - 4376	 	 	18
2932 - 4377	 	 	18
1625 - 4378	 	 	15
2077 - 4379	 	 	8
4696 - 4380	 	 	12
1178 - 4381	 	 	1
3526 - 4382	 	 	12
3625 - 4383	 	 	23
2469 - 4384	 	 	23
2054 - 4385	 	 	22
2291 - 4386	 	 	17
4784 - 4387	 	 	34
2638 - 4388	 	 	11
3205 - 4389	 	 	19
1059 - 4390	 	 	30
687 - 4391	 	 	1
397 - 4392	 	 	6
2000 - 4393	 	 	9
2228 - 4394	 	 	2
2984 - 4395	 	 	18
425 - 4396	 	 	1
1772 - 4397	 	 	20
4249 - 4398	 	 	36
1704 - 4399	 	 	16
2340 - 4400	 	 	37
3668 - 4401	 	 	18
598 - 4402	 	 	3
4504 - 4403	 	 	1
913 - 4404	 	 	22
2885 - 4405	 	 	22
2779 - 4406	 	 	16
1331 - 4407	 	 	15
4138 - 4408	 	 	19
1833 - 4409	 	 	6
497 - 4410	 	 	22
3662 - 4411	 	 	12
3464 - 4412	 	 	13
1755 - 4413	 	 	6
207 - 4414	 	 	54
1879 - 4415	 	 	18
3269 - 4416	 	 	4
3510 - 4417	 	 	19
3225 - 4418	 	 	19
3066 - 4419	 	 	11
3231 - 4420	 	 	11
2308 - 4421	 	 	8
1777 - 4422	 	 	19
731 - 4423	 	 	16
1876 - 4424	 	 	19
2457 - 4425	 	 	11
3150 - 4426	 	 	45
1044 - 4427	 	 	10
18 - 4428	 	 	4
3054 - 4429	 	 	7
395 - 4430	 	 	4
4507 - 4431	 	 	29
4341 - 4432	 	 	8
48 - 4433	 	 	20
4816 - 4434	 	 	2
546 - 4435	 	 	8
4083 - 4436	 	 	2
2305 - 4437	 	 	9
4235 - 4438	 	 	8
4908 - 4439	 	 	12
1375 - 4440	 	 	4
136 - 4441	 	 	40
4787 - 4442	 	 	20
4956 - 4443	 	 	5
2056 - 4444	 	 	5
3814 - 4445	 	 	21
3771 - 4446	 	 	15
70 - 4447	 	 	11
3348 - 4448	 	 	14
20 - 4449	 	 	38
2544 - 4450	 	 	4
2374 - 4451	 	 	13
1300 - 4452	 	 	3
4182 - 4453	 	 	16
1432 - 4454	 	 	6
1064 - 4455	 	 	8
2042 - 4456	 	 	24
1625 - 4457	 	 	22
1401 - 4458	 	 	13
1111 - 4459	 	 	23
3016 - 4460	 	 	29
3587 - 4461	 	 	15
2430 - 4462	 	 	10
4647 - 4463	 	 	6
1116 - 4464	 	 	4
3115 - 4465	 	 	13
320 - 4466	 	 	11
2916 - 4467	 	 	4
1410 - 4468	 	 	38
3720 - 4469	 	 	11
4078 - 4470	 	 	14
4754 - 4471	 	 	3
2598 - 4472	 	 	23
416 - 4473	 	 	1
3619 - 4474	 	 	37
4214 - 4475	 	 	28
3217 - 4476	 	 	15
3344 - 4477	 	 	12
539 - 4478	 	 	37
1473 - 4479	 	 	22
3973 - 4480	 	 	28
3629 - 4481	 	 	6
1326 - 4482	 	 	20
3573 - 4483	 	 	14
2054 - 4484	 	 	4
1434 - 4485	 	 	5
272 - 4486	 	 	17
1861 - 4487	 	 	34
4128 - 4488	 	 	3
4371 - 4489	 	 	15
2673 - 4490	 	 	41
1887 - 4491	 	 	2
4509 - 4492	 	 	7
1645 - 4493	 	 	21
3231 - 4494	 	 	5
145 - 4495	 	 	18
1288 - 4496	 	 	19
3509 - 4497	 	 	15
1785 - 4498	 	 	16
1165 - 4499	 	 	16
120 - 4500	 	 	25
2784 - 4501	 	 	10
969 - 4502	 	 	6
2641 - 4503	 	 	13
2580 - 4504	 	 	11
3578 - 4505	 	 	7
4227 - 4506	 	 	14
2065 - 4507	 	 	1
2948 - 4508	 	 	4
2428 - 4509	 	 	9
3403 - 4510	 	 	38
3708 - 4511	 	 	19
916 - 4512	 	 	24
787 - 4513	 	 	11
716 - 4514	 	 	30
991 - 4515	 	 	10
4544 - 4516	 	 	20
2068 - 4517	 	 	6
3709 - 4518	 	 	3
3847 - 4519	 	 	3
2375 - 4520	 	 	3
3794 - 4521	 	 	17
2258 - 4522	 	 	11
637 - 4523	 	 	14
4183 - 4524	 	 	1
1776 - 4525	 	 	24
1176 - 4526	 	 	2
562 - 4527	 	 	1
2838 - 4528	 	 	12
2706 - 4529	 	 	53
4464 - 4530	 	 	1
1493 - 4531	 	 	19
695 - 4532	 	 	41
4669 - 4533	 	 	2
2615 - 4534	 	 	34
2486 - 4535	 	 	19
4176 - 4536	 	 	16
56 - 4537	 	 	38
632 - 4538	 	 	11
4124 - 4539	 	 	49
2162 - 4540	 	 	13
1042 - 4541	 	 	14
2213 - 4542	 	 	5
416 - 4543	 	 	10
1849 - 4544	 	 	16
3266 - 4545	 	 	12
4469 - 4546	 	 	7
3813 - 4547	 	 	32
701 - 4548	 	 	4
1592 - 4549	 	 	37
132 - 4550	 	 	16
147 - 4551	 	 	12
4216 - 4552	 	 	27
1794 - 4553	 	 	30
2955 - 4554	 	 	21
3855 - 4555	 	 	16
1987 - 4556	 	 	4
571 - 4557	 	 	27
1531 - 4558	 	 	23
3583 - 4559	 	 	21
2778 - 4560	 	 	15
667 - 4561	 	 	19
1708 - 4562	 	 	19
1566 - 4563	 	 	2
347 - 4564	 	 	26
2969 - 4565	 	 	19
4371 - 4566	 	 	33
3948 - 4567	 	 	19
1450 - 4568	 	 	13
1304 - 4569	 	 	6
4403 - 4570	 	 	19
4017 - 4571	 	 	4
1459 - 4572	 	 	2
1318 - 4573	 	 	5
1453 - 4574	 	 	6
426 - 4575	 	 	14
1947 - 4576	 	 	16
185 - 4577	 	 	5
63 - 4578	 	 	2
2569 - 4579	 	 	3
1697 - 4580	 	 	14
2800 - 4581	 	 	13
1262 - 4582	 	 	24
4859 - 4583	 	 	18
1 - 4584	 	 	43
2708 - 4585	 	 	17
3457 - 4586	 	 	14
3480 - 4587	 	 	6
504 - 4588	 	 	9
4883 - 4589	 	 	3
2710 - 4590	 	 	9
2058 - 4591	 	 	27
43 - 4592	 	 	5
3223 - 4593	 	 	5
1632 - 4594	 	 	18
238 - 4595	 	 	22
2217 - 4596	 	 	9
1839 - 4597	 	 	19
2576 - 4598	 	 	6
2060 - 4599	 	 	1
1887 - 4600	 	 	15
1217 - 4601	 	 	15
3020 - 4602	 	 	5
4099 - 4603	 	 	12
2424 - 4604	 	 	1
4832 - 4605	 	 	11
3792 - 4606	 	 	13
1205 - 4607	 	 	6
919 - 4608	 	 	15
2378 - 4609	 	 	10
552 - 4610	 	 	22
4422 - 4611	 	 	52
2686 - 4612	 	 	16
2095 - 4613	 	 	17
3780 - 4614	 	 	12
1661 - 4615	 	 	12
4078 - 4616	 	 	10
3927 - 4617	 	 	36
2824 - 4618	 	 	62
3215 - 4619	 	 	3
1758 - 4620	 	 	15
556 - 4621	 	 	36
588 - 4622	 	 	8
3355 - 4623	 	 	12
2673 - 4624	 	 	55
4318 - 4625	 	 	30
1521 - 4626	 	 	27
2734 - 4627	 	 	25
1687 - 4628	 	 	25
618 - 4629	 	 	6
1979 - 4630	 	 	9
4162 - 4631	 	 	4
333 - 4632	 	 	9
1644 - 4633	 	 	32
4983 - 4634	 	 	7
4440 - 4635	 	 	9
3495 - 4636	 	 	33
2559 - 4637	 	 	23
4864 - 4638	 	 	1
2509 - 4639	 	 	12
3408 - 4640	 	 	6
1779 - 4641	 	 	46
1765 - 4642	 	 	6
409 - 4643	 	 	10
2383 - 4644	 	 	12
2064 - 4645	 	 	17
3623 - 4646	 	 	8
1218 - 4647	 	 	3
496 - 4648	 	 	22
4652 - 4649	 	 	11
4629 - 4650	 	 	16
4508 - 4651	 	 	14
1488 - 4652	 	 	14
4032 - 4653	 	 	28
4340 - 4654	 	 	4
4401 - 4655	 	 	23
2460 - 4656	 	 	14
3005 - 4657	 	 	52
850 - 4658	 	 	25
2787 - 4659	 	 	17
2295 - 4660	 	 	12
891 - 4661	 	 	12
3844 - 4662	 	 	6
24 - 4663	 	 	25
4038 - 4664	 	 	9
2660 - 4665	 	 	45
2305 - 4666	 	 	20
458 - 4667	 	 	26
3624 - 4668	 	 	1
4066 - 4669	 	 	12
334 - 4670	 	 	5
2479 - 4671	 	 	9
3021 - 4672	 	 	21
4276 - 4673	 	 	18
151 - 4674	 	 	73
1327 - 4675	 	 	6
566 - 4676	 	 	3
3277 - 4677	 	 	35
1246 - 4678	 	 	23
1641 - 4679	 	 	9
2176 - 4680	 	 	11
3936 - 4681	 	 	53
1892 - 4682	 	 	49
2491 - 4683	 	 	16
2030 - 4684	 	 	7
4604 - 4685	 	 	25
4202 - 4686	 	 	18
2271 - 4687	 	 	6
227 - 4688	 	 	38
3346 - 4689	 	 	14
2599 - 4690	 	 	6
1151 - 4691	 	 	14
1085 - 4692	 	 	2
2791 - 4693	 	 	33
4152 - 4694	 	 	19
4990 - 4695	 	 	3
3985 - 4696	 	 	12
2817 - 4697	 	 	11
202 - 4698	 	 	5
3244 - 4699	 	 	22
4522 - 4700	 	 	27
1937 - 4701	 	 	17
4825 - 4702	 	 	21
164 - 4703	 	 	10
3168 - 4704	 	 	17
530 - 4705	 	 	18
194 - 4706	 	 	15
1716 - 4707	 	 	23
3880 - 4708	 	 	10
1304 - 4709	 	 	23
1641 - 4710	 	 	8
783 - 4711	 	 	20
3177 - 4712	 	 	41
3149 - 4713	 	 	2
4105 - 4714	 	 	7
2262 - 4715	 	 	9
796 - 4716	 	 	3
2174 - 4717	 	 	43
3867 - 4718	 	 	7
2798 - 4719	 	 	23
3267 - 4720	 	 	19
1342 - 4721	 	 	11
935 - 4722	 	 	5
870 - 4723	 	 	12
4818 - 4724	 	 	22
854 - 4725	 	 	5
1493 - 4726	 	 	4
2588 - 4727	 	 	9
142 - 4728	 	 	12
2676 - 4729	 	 	32
648 - 4730	 	 	7
4407 - 4731	 	 	10
239 - 4732	 	 	13
2024 - 4733	 	 	26
3954 - 4734	 	 	20
3125 - 4735	 	 	37
1045 - 4736	 	 	13
4809 - 4737	 	 	15
3303 - 4738	 	 	12
553 - 4739	 	 	18
2087 - 4740	 	 	24
3619 - 4741	 	 	14
304 - 4742	 	 	7
3188 - 4743	 	 	1
1223 - 4744	 	 	17
4489 - 4745	 	 	37
2991 - 4746	 	 	6
3413 - 4747	 	 	23
552 - 4748	 	 	5
4485 - 4749	 	 	6
3030 - 4750	 	 	18
1051 - 4751	 	 	12
2637 - 4752	 	 	15
3054 - 4753	 	 	10
2940 - 4754	 	 	34
3052 - 4755	 	 	5
4847 - 4756	 	 	7
662 - 4757	 	 	6
3160 - 4758	 	 	14
3861 - 4759	 	 	11
405 - 4760	 	 	4
3196 - 4761	 	 	19
3031 - 4762	 	 	6
44 - 4763	 	 	11
1586 - 4764	 	 	25
3850 - 4765	 	 	15
2001 - 4766	 	 	20
3114 - 4767	 	 	20
3050 - 4768	 	 	5
2319 - 4769	 	 	19
950 - 4770	 	 	7
3475 - 4771	 	 	1
2111 - 4772	 	 	20
2737 - 4773	 	 	22
2072 - 4774	 	 	21
738 - 4775	 	 	9
4951 - 4776	 	 	14
285 - 4777	 	 	3
309 - 4778	 	 	54
4016 - 4779	 	 	15
3644 - 4780	 	 	19
1528 - 4781	 	 	16
1136 - 4782	 	 	5
1922 - 4783	 	 	14
2509 - 4784	 	 	6
641 - 4785	 	 	29
1148 - 4786	 	 	2
2287 - 4787	 	 	5
1712 - 4788	 	 	29
2939 - 4789	 	 	29
1432 - 4790	 	 	2
970 - 4791	 	 	20
663 - 4792	 	 	15
440 - 4793	 	 	11
4444 - 4794	 	 	21
401 - 4795	 	 	35
4256 - 4796	 	 	9
3669 - 4797	 	 	8
3716 - 4798	 	 	20
1108 - 4799	 	 	7
1062 - 4800	 	 	14
1222 - 4801	 	 	26
1288 - 4802	 	 	18
4270 - 4803	 	 	13
2889 - 4804	 	 	22
859 - 4805	 	 	25
4573 - 4806	 	 	26
4599 - 4807	 	 	1
3564 - 4808	 	 	14
431 - 4809	 	 	13
3123 - 4810	 	 	18
1068 - 4811	 	 	18
1751 - 4812	 	 	20
2841 - 4813	 	 	5
60 - 4814	 	 	8
1954 - 4815	 	 	17
2722 - 4816	 	 	13
983 - 4817	 	 	17
1450 - 4818	 	 	4
3065 - 4819	 	 	3
2231 - 4820	 	 	32
325 - 4821	 	 	17
2098 - 4822	 	 	17
3014 - 4823	 	 	31
4813 - 4824	 	 	33
839 - 4825	 	 	7
3811 - 4826	 	 	28
555 - 4827	 	 	11
3824 - 4828	 	 	12
3630 - 4829	 	 	11
3334 - 4830	 	 	14
4161 - 4831	 	 	20
1261 - 4832	 	 	5
4307 - 4833	 	 	12
3093 - 4834	 	 	14
11 - 4835	 	 	21
2021 - 4836	 	 	17
2510 - 4837	 	 	10
3207 - 4838	 	 	20
4265 - 4839	 	 	25
2544 - 4840	 	 	5
67 - 4841	 	 	12
3260 - 4842	 	 	18
2319 - 4843	 	 	25
2107 - 4844	 	 	15
4155 - 4845	 	 	25
2677 - 4846	 	 	22
266 - 4847	 	 	6
3159 - 4848	 	 	3
2130 - 4849	 	 	7
73 - 4850	 	 	12
3305 - 4851	 	 	10
3969 - 4852	 	 	17
2649 - 4853	 	 	40
3319 - 4854	 	 	1
681 - 4855	 	 	17
1252 - 4856	 	 	14
1170 - 4857	 	 	6
445 - 4858	 	 	22
4434 - 4859	 	 	15
4266 - 4860	 	 	2
530 - 4861	 	 	17
3159 - 4862	 	 	15
781 - 4863	 	 	4
3784 - 4864	 	 	18
4860 - 4865	 	 	10
2961 - 4866	 	 	9
1127 - 4867	 	 	13
3524 - 4868	 	 	33
237 - 4869	 	 	11
4596 - 4870	 	 	16
861 - 4871	 	 	8
2782 - 4872	 	 	10
1677 - 4873	 	 	3
450 - 4874	 	 	30
3158 - 4875	 	 	9
2454 - 4876	 	 	47
1628 - 4877	 	 	14
1493 - 4878	 	 	4
1864 - 4879	 	 	13
2967 - 4880	 	 	11
4519 - 4881	 	 	20
1980 - 4882	 	 	16
2573 - 4883	 	 	16
495 - 4884	 	 	19
613 - 4885	 	 	4
3046 - 4886	 	 	18
3689 - 4887	 	 	9
181 - 4888	 	 	9
2588 - 4889	 	 	16
3391 - 4890	 	 	35
2257 - 4891	 	 	5
3335 - 4892	 	 	15
2287 - 4893	 	 	13
2558 - 4894	 	 	17
884 - 4895	 	 	3
1303 - 4896	 	 	12
3016 - 4897	 	 	13
4101 - 4898	 	 	22
4111 - 4899	 	 	4
3027 - 4900	 	 	26
3721 - 4901	 	 	2
2769 - 4902	 	 	13
371 - 4903	 	 	17
297 - 4904	 	 	12
4704 - 4905	 	 	11
2570 - 4906	 	 	10
865 - 4907	 	 	31
2028 - 4908	 	 	5
2528 - 4909	 	 	21
4161 - 4910	 	 	9
1317 - 4911	 	 	19
4684 - 4912	 	 	2
366 - 4913	 	 	15
1704 - 4914	 	 	1
3335 - 4915	 	 	27
3415 - 4916	 	 	12
4864 - 4917	 	 	11
915 - 4918	 	 	76
3014 - 4919	 	 	13
2308 - 4920	 	 	66
458 - 4921	 	 	1
2269 - 4922	 	 	8
2647 - 4923	 	 	28
2225 - 4924	 	 	1
322 - 4925	 	 	17
3766 - 4926	 	 	11
2523 - 4927	 	 	27
4015 - 4928	 	 	11
1498 - 4929	 	 	34
1842 - 4930	 	 	21
2994 - 4931	 	 	14
4640 - 4932	 	 	4
3005 - 4933	 	 	20
1512 - 4934	 	 	20
335 - 4935	 	 	24
4666 - 4936	 	 	1
2805 - 4937	 	 	3
1129 - 4938	 	 	8
277 - 4939	 	 	18
3966 - 4940	 	 	14
2977 - 4941	 	 	3
2075 - 4942	 	 	11
1666 - 4943	 	 	10
4559 - 4944	 	 	24
1170 - 4945	 	 	5
96 - 4946	 	 	6
1899 - 4947	 	 	3
2173 - 4948	 	 	2
2117 - 4949	 	 	5
1248 - 4950	 	 	19
737 - 4951	 	 	16
204 - 4952	 	 	14
69 - 4953	 	 	7
3248 - 4954	 	 	26
1037 - 4955	 	 	5
2984 - 4956	 	 	6
2606 - 4957	 	 	14
1837 - 4958	 	 	9
896 - 4959	 	 	13
3833 - 4960	 	 	8
3194 - 4961	 	 	14
3730 - 4962	 	 	3
1838 - 4963	 	 	30
78 - 4964	 	 	11
3275 - 4965	 	 	3
4063 - 4966	 	 	6
1861 - 4967	 	 	20
899 - 4968	 	 	37
3288 - 4969	 	 	5
4169 - 4970	 	 	5
434 - 4971	 	 	4
2150 - 4972	 	 	52
1903 - 4973	 	 	7
1553 - 4974	 	 	21
1317 - 4975	 	 	22
4021 - 4976	 	 	1
2 - 4977	 	 	19
542 - 4978	 	 	13
4266 - 4979	 	 	19
1200 - 4980	 	 	7
3672 - 4981	 	 	22
1856 - 4982	 	 	11
2523 - 4983	 	 	18
1340 - 4984	 	 	13
4097 - 4985	 	 	18
721 - 4986	 	 	7
4450 - 4987	 	 	5
1062 - 4988	 	 	9
3852 - 4989	 	 	3
1541 - 4990	 	 	31
670 - 4991	 	 	12
4274 - 4992	 	 	16
623 - 4993	 	 	4
315 - 4994	 	 	4
1486 - 4995	 	 	14
4103 - 4996	 	 	13
4499 - 4997	 	 	4
3681 - 4998	 	 	6
4781 - 4999	 	 	24
